0.457142857
1.312653061
2.080045351
2.863492063
3.701700680
4.556009070
5.347301587
6.152562358
6.995555556	here
7.777959184
8.591020408
9.352925170
10.186666667
11.035646259
11.790385488
12.625850340
13.447619048	here
14.343401361
15.099863946
15.934693878
16.774965986
17.628299320
18.407619048
19.271836735
20.106938776	here
20.916326531
21.678911565
22.523356009
23.366893424
24.124081633
24.945306122
25.777777778
26.645124717	here
27.364716553
28.215147392
29.038004535
29.884081633
30.702585034
31.571882086
32.441179138
33.356916100	here
34.200090703
35.053424036
35.832743764
36.641088435
37.487165533
38.317460317	here
39.148843537
40.006530612
40.869591837
41.665306122
42.543310658
43.036734694	here_not_beat