0.482539683
1.445079365
2.463492063
3.461587302
4.436825397
5.427301587
6.427936508
7.456507937
8.472380952	here
9.489614512
10.422857143
11.481904762
12.485079365
13.488253968
14.430476190
15.456507937
16.459682540	here
17.434920635
18.481768707
19.507301587
20.500317460
21.490793651
22.382222222
23.395555556
24.476190476	here
25.445079365
26.477074830
27.494603175
28.524444444
29.489523810
30.467482993
31.486984127
32.477460317	here
33.526712018
34.455510204
35.551201814
36.432108844
37.363809524
38.397460317
39.436190476
40.491700680	here
41.486802721
42.508843537
43.538775510
44.570340136
45.495510204
46.447346939
47.410793651
47.777959184	here_not_beat