0.459682540
1.424036281
2.480408163
3.404081633
4.396190476
5.406258503
6.391020408
7.405306122
8.348299320	here
9.381224490
10.411247166
11.408253968
12.356643991
13.352199546
14.423945578
15.398458050
16.454240363
17.485170068
18.402448980	here
19.404444444
20.434013605
21.405623583
22.406621315
23.376122449
24.419410431	here
25.388299320
26.433378685
27.390362812
28.388072562
29.337188209
30.400000000	here
31.408979592
32.388571429
33.356734694
34.375759637
35.354852608
36.410612245	here
37.404081633
38.423673469
39.404263039
39.516734694	here_not_beat