0.242517007
1.176961451
2.120272109
3.163718821
4.049523810
4.957460317
5.908571429
7.067936508
7.960634921	here
8.894217687
9.900952381
10.977777778
11.932698413
12.949841270
13.933968254
15.081904762
16.095238095	here
17.129705215
18.180317460
19.179682540
20.245759637
21.217777778
22.250340136
23.338412698
24.331428571	here
25.311043084
26.314920635
27.356190476
28.382222222
29.414104308
30.373333333
31.448027211
32.424331066	here
33.429365079
34.341768707
35.460884354
36.477868481
37.519455782
38.495782313
39.580952381
40.597551020	here
41.660385488
42.720113379
43.809523810
44.765714286
45.884444444
46.883809524
47.907936508
48.810158730	here
49.784693878
50.766848073
51.824036281
52.848775510
53.779274376
54.803446712
55.919455782
56.839546485	here
57.784217687
58.743582766
59.708662132
60.680022676
61.664943311
62.752653061
63.665306122
64.818503401	here_not_beat