0.473469388
1.490068027
2.413061224
3.447074830
4.440816327
5.424761905
6.428299320
7.443083900
8.441723356	here
9.469387755
10.439909297
11.439455782
12.444444444
13.412244898
14.467120181
15.482086168
16.516099773	here
17.486621315
18.440816327
19.466712018
20.453333333
21.446349206
22.445714286
23.421587302
24.451428571	here
25.444444444
26.472380952
27.469387755
28.488163265
29.476281179
30.444263039
31.431836735
32.410612245	here
33.480453515
34.435487528
35.433469388
36.430612245
37.465396825
38.497959184
39.453605442
40.439002268	here
41.460680272
42.438820862
43.470657596
44.460408163
45.492244898
46.489251701
47.486258503
48.512290249	here
49.497687075
50.497596372
51.461224490
52.428095238
53.490068027
54.456598639
55.459410431
56.441904762	here
57.436734694
58.443537415
59.452698413
60.438095238
61.445668934
62.428299320
63.418049887
63.649523810	here_not_beat