0.538775510
1.562993197
2.688435374
3.615782313
4.586666667
5.592380952
6.620226757
7.629931973
8.568163265	here
9.546303855
10.563809524
11.551587302
12.512653061
13.466122449
14.454421769
15.428571429
16.449886621
17.393197279
18.332517007	here
19.268571429
20.186326531
21.132040816
22.132131519
23.027528345
23.963922902	here
24.825782313
25.715895692
26.694036281
27.631746032
28.548934240
29.448888889	here
30.378412698
31.359682540
32.266575964
33.302176871
34.201950113
35.046167800	here
36.024308390
37.030022676
38.021224490
38.974693878
39.778684807	here_not_beat