0.507755102
1.399546485
2.214058957
3.061746032
3.923809524
4.748299320
5.626303855
6.455328798
7.258367347	here
8.060770975
8.935804989
9.810884354
10.632653061
11.435102041
12.305850340
13.146122449
14.086258503
14.975283447
15.703945578	here
16.572517007
17.447619048
18.396734694
19.330000000
20.269682540
21.271655329	here
22.146031746
22.984126984
23.913650794
24.787188209
25.697142857
26.615873016	here
27.443809524
28.281904762
29.183015873
30.058231293
30.975555556
31.796825397	here
32.629841270
33.511836735
34.419954649
34.824489796	here_not_beat