0.474920635
1.415510204
2.275918367
3.279183673
4.272653061
5.188208617
6.135873016
7.055963719
8.018140590	here
8.991428571
9.866666667
10.870204082
11.909659864
12.828299320
13.754195011
14.731224490
15.795011338	here
16.736507937
17.615238095
18.527210884
19.456643991
20.316734694
21.266961451
22.274285714
23.203265306	here
24.187210884
25.047074830
25.933786848
26.857142857
27.770158730
28.709297052
29.645714286
30.778775510	here
31.725714286
32.722721088
33.632653061
34.562539683
35.594580499
36.579070295
37.617777778
38.560045351	here
39.476507937
40.470000000
41.343492063
42.385487528
43.346938776
44.364625850
45.455238095
46.692902494	here_not_beat