0.791111111
1.371428571
1.884444444
2.313650794
2.765873016
3.274875283
3.768072562
4.244897959
4.733968254
5.164761905
5.630839002
6.088004535
6.563718821
7.018231293
7.481088435
7.974036281
8.434648526	here
8.880181406
9.340226757
9.812063492
10.240612245
10.727619048
11.186213152
11.675170068
12.132675737
12.558367347
13.036099773
13.513401361
13.980634921
14.457891156
14.925804989
15.362108844
15.838367347	here
16.261836735
16.744195011
17.147210884
17.627369615
18.077460317
18.546848073
18.978163265
19.424829932
19.861224490
20.284081633
20.734693878
21.200136054
21.649387755
22.118027211
22.547868481
23.020793651	here
23.481904762
23.897687075
24.378775510
24.841156463
25.307755102
25.707755102
26.182857143
26.623129252
27.071201814
27.501133787
27.958276644
28.395464853
28.859863946
29.336961451
29.761995465
30.209523810	here
30.694897959
31.175510204
31.634920635
32.104489796
32.556734694
33.045283447
33.478979592
33.924897959
34.393469388
34.840816327
35.312018141
35.765442177
36.236485261
36.728163265
37.172244898
37.593469388	here
38.033537415
38.535510204
38.961337868
39.474285714
39.902517007
40.388571429
40.813061224
41.277687075
41.748253968
42.208979592
42.636734694
43.113469388
43.534693878
44.009070295
44.417233560
44.903401361	here
45.353287982
45.800816327
46.254693878
46.684081633
47.131428571
47.577142857
48.027755102
48.491428571
48.925714286
49.397210884
49.876530612
50.313990930
50.764399093
51.198435374
51.629841270
52.097414966	here
52.546825397
53.006167800
53.445827664
53.896439909
54.374421769
54.804897959
55.238095238
55.697052154
56.143310658
56.602267574
57.043083900
57.520181406
57.995464853
58.471111111
58.907936508
59.311201814	here
59.766712018
60.265578231
60.735782313
61.191088435
61.653333333
62.100680272
62.555646259
63.014195011
63.511156463
63.995102041
64.457777778
64.930566893
65.388843537
65.833605442
66.256326531
66.716553288	here
67.187891156
67.659138322
68.128934240
68.579274376
69.013333333
69.483310658
69.903673469
70.378684807
70.840816327
71.315192744
71.783106576
72.228571429
72.696916100
73.159183673
73.605079365
74.048888889	here
74.506666667
74.953650794
75.413333333
75.863945578
76.326530612
76.773718821
77.220521542
77.687006803
78.132244898
78.583219955
79.051247166
79.477551020
79.937959184
80.394920635
80.862539683
81.318639456	here
81.812131519
82.249795918
82.703673469
83.134693878
83.617188209
84.062040816
84.510680272
84.958095238
85.399138322
85.860340136
86.310430839
86.736689342
87.224195011
87.659682540
88.095487528
88.565260771	here
89.045623583
89.482222222
89.943151927
90.395283447
90.826303855
91.337142857
91.750748299
92.191247166
92.647619048
93.102222222
93.551746032
93.991473923
94.463151927
94.912131519
95.299591837
95.802448980	here
96.225306122
96.686643991
97.142834467
97.608435374
98.082743764
98.544036281
98.973242630
99.415215420
99.856326531
100.323265306
100.784943311
101.193469388
101.640816327
102.083832200
102.568163265
102.956009070	here_not_beat