0.055873016
0.576507937
1.073106576
1.571700680
2.039727891
2.523219955
2.975782313
3.482993197
3.968435374
4.456054422
4.917551020
5.381224490
5.868843537
6.358639456
6.870204082
7.309931973
7.786666667	here
8.293877551
8.759727891
9.254444444
9.736666667
10.226938776
10.684081633
11.197823129
11.670839002
12.133877551
12.606258503
13.072108844
13.531428571
14.055102041
14.536961451
14.976870748
15.453605442	here
15.939047619
16.439591837
16.938231293
17.386666667
17.893877551
18.337959184
18.803809524
19.271836735
19.765986395
20.240544218
20.732517007
21.192925170
21.682721088
22.145306122
22.613333333
23.123174603	here
23.624739229
24.102312925
24.558367347
25.060657596
25.542789116
25.999977324
26.473718821
26.964897959
27.437278912
27.924897959
28.419047619
28.913197279
29.405170068
29.878276644
30.333968254
30.839365079	here
31.335328798
31.796825397
32.304761905
32.801088435
33.285804989
33.808979592
34.251224490
34.717414966
35.220317460
35.710476190
36.172811791
36.678820862
37.172993197
37.650952381
38.124263039
38.582857143	here
39.078276644
39.555192744
40.068798186
40.547845805
41.047074830
41.506235828
42.015555556
42.448979592
42.971791383
43.430022676
43.908934240
44.408163265
44.884172336
45.379229025
45.838367347
46.199002268	here_not_beat