1.302494331
1.890249433
2.530612245
3.169546485
3.724263039
4.319274376
4.881632653
5.438004535
5.955736961
6.466417234
6.989569161
7.492063492
7.981859410
8.517006803
9.041269841
9.549206349
10.103038549	here
10.625804989
11.152993197
11.679705215
12.163265306
12.673015873
13.200612245
13.723356009
14.215850340
14.738412698
15.241723356
15.747845805
16.237482993
16.757120181
17.263605442
17.767551020
18.236734694	here
18.795464853
19.328253968
19.860317460
20.357414966
20.845714286
21.337142857
21.812108844
22.400000000
22.837346939
23.353628118
23.883174603
24.393650794
24.914285714
25.418911565
25.902222222
26.463197279	here
27.008888889
27.537800454
28.083809524
28.585396825
29.101859410
29.583673469
30.077097506
30.551655329
31.083922902
31.589115646
32.069659864
32.570340136
33.082018141
33.604217687
34.078185941
34.612834467	here
35.080997732
35.677460317
36.176689342
36.722244898
37.266439909
37.790566893
38.254875283
38.784580499
39.308480726
39.841224490
40.372199546
40.846802721
41.299591837
41.833083900
42.295147392
42.821224490	here
43.389387755
43.893900227
44.441428571
44.966780045
45.466780045
45.959183673
46.426122449
46.931972789
47.435578231
47.936689342
48.420657596
48.895238095
49.372222222
49.878367347
50.371496599
50.656507937	here_not_beat