0.177777778
0.589206349
1.016575964
1.463832200
1.912108844
2.382630385
2.815510204
3.276757370
3.735759637
4.207845805
4.646938776
5.126575964
5.572063492
6.046122449
6.486349206
6.953650794
7.405714286
7.887664399
8.320521542
8.770340136
9.212108844
9.671269841
10.121814059
10.566530612
10.995850340
11.454557823
11.919092971
12.371405896
12.785895692
13.245532880
13.695419501
14.140952381
14.598095238	here
15.029251701
15.496417234
15.962267574
16.396190476
16.847528345
17.285374150
17.735691610
18.195736961
18.648526077
19.098571429
19.537324263
19.973945578
20.420952381
20.862380952
21.302562358
21.767755102	here
22.209523810
22.666666667
23.114013605
23.574421769
24.024693878
24.484353741
24.938231293
25.387188209
25.860430839
26.297687075
26.757006803
27.204353741
27.652789116
28.120816327
28.555102041
29.022040816	here
29.480045351
29.958095238
30.401088435
30.863673469
31.316462585
31.753968254
32.221587302
32.666757370
33.117823129
33.568435374
34.038639456
34.490340136
34.940793651
35.400498866
35.855238095
36.340657596	here
36.801088435
37.288707483
37.748027211
38.209523810
38.672108844
39.145827664
39.629160998
40.090340136
40.542040816
41.004625850
41.466122449
41.916734694
42.381496599
42.833197279
43.280544218
43.755102041	here
44.220952381
44.694421769
45.167482993
45.642448980
46.098503401
46.583832200
47.043265306
47.512426304
47.974965986
48.426666667
48.867482993
49.325646259
49.783945578
50.251972789
50.720000000
51.189954649	here_not_beat