0.622222222
1.191133787
1.714285714
2.177777778
2.673015873
3.174603175
3.675102041
4.174603175
4.671746032
5.149841270
5.642539683
6.093333333
6.594920635
7.085079365
7.538412698
8.023038549
8.518095238	here
9.012244898
9.510748299
9.971882086
10.496145125
10.946281179
11.448526077
11.920657596
12.419047619
12.881632653
13.354920635
13.823492063
14.270476190
14.797188209
15.252562358
15.719365079
16.175238095	here
16.645442177
17.117823129
17.600000000
18.049523810
18.518095238
18.999365079
19.471746032
19.944126984
20.396190476
20.885079365
21.384126984
21.834920635
22.315328798
22.775963719
23.249002268
23.707936508	here
24.219682540
24.674285714
25.162448980
25.641723356
26.076009070
26.575238095
27.020929705
27.460317460
27.946666667
28.416507937
28.855873016
29.354217687
29.840000000
30.312380952
30.825306122
31.267301587	here
31.756190476
32.240000000
32.721655329
33.192380952
33.669795918
34.135714286
34.628185941
35.067936508
35.559365079
36.006349206
36.465374150
36.939591837
37.406984127
37.873628118
38.313650794
38.802018141	here
39.307936508
39.776054422
40.243809524
40.725079365
41.189614512
41.669841270
42.120634921
42.609977324
43.027301587
43.489523810
43.983673469
44.465328798
44.941496599
45.399637188
45.857505669
46.194852608	here_not_beat