1.022222222
1.611428571
2.267936508
2.857142857
3.441269841
4.039795918
4.580317460
5.166984127
5.745419501
6.348117914
6.868571429
7.442539683
8.015170068
8.584126984
9.141587302
9.654603175
10.214603175	here
10.778412698
11.343492063
11.880634921
12.433015873
13.028571429
13.561564626
14.126984127
14.689523810
15.234285714
15.777777778
16.330158730
16.860952381
17.453968254
17.978412698
18.540952381
19.043809524	here
19.610158730
20.157460317
20.704761905
21.236825397
21.796825397
22.364444444
22.889750567
23.437460317
23.994807256
24.550272109
25.117460317
25.667301587
26.226031746
26.751746032
27.248253968
27.839024943	here
28.411292517
28.947301587
29.522539683
30.072380952
30.626031746
31.189841270
31.762539683
32.273015873
32.793650794
33.353650794
33.914920635
34.487619048
35.032380952
35.591111111
36.139682540
36.704761905	here
37.278866213
37.804444444
38.365555556
38.871111111
39.440000000
39.966984127
40.538412698
41.060317460
41.620317460
42.163083900
42.718911565
43.263038549
43.813968254
44.376235828
44.881269841
45.426938776	here
46.013242630
46.513922902
47.067233560
47.612517007
48.166893424
48.761904762
49.300226757
49.815623583
50.371337868
50.932154195
51.452517007
52.022857143
52.590294785
53.128707483
53.703378685
54.228752834	here