0.119002268
0.682086168
1.271292517
1.862335601
2.374240363
2.931519274
3.543945578
4.063492063
4.617868481
5.155918367
5.704489796
6.275918367
6.864988662
7.436916100
8.075102041
8.636734694
9.138548753	here
9.711020408
10.277891156
10.836462585
11.313197279
11.884807256
12.442993197
12.983083900
13.587301587
14.113015873
14.656507937
15.227936508
15.758730159
16.357006803
16.898775510	 
17.419319728
17.996417234	here
18.595827664
19.155600907
19.698503401
20.253605442
20.791292517
21.374693878
21.936326531
22.463129252
23.033469388
23.564625850
24.111020408
24.663696145
25.219206349
25.754557823
26.324308390
26.888707483	here
27.459342404
28.020680272
28.608435374
29.120702948
29.669092971
30.228027211
30.798367347
31.362176871
31.912925170
32.461950113
32.988049887
33.569523810
34.087981859
34.634625850
35.205034014
35.724625850	here