0.148752834
0.580090703
1.019818594
1.442471655
1.874285714
2.304036281
2.731972789
3.150136054
3.570068027
4.003877551
4.430498866
4.850068027
5.285192744
5.707755102
6.136598639
6.558911565
6.992108844	here
7.403537415
7.825850340
8.250340136
8.680362812
9.109841270
9.559365079
9.960362812
10.397460317
10.821133787
11.255827664
11.686281179
12.121904762
12.543492063
12.983990930
13.399365079
13.810362812	here
14.239251701
14.669206349
15.100952381
15.532698413
15.954512472
16.386643991
16.810158730
17.249523810
17.673741497
18.110476190
18.532063492
18.963809524
19.400634921
19.806984127
20.243809524
20.670476190	here
21.097142857
21.546666667
21.973333333
22.417777778
22.841904762
23.276190476
23.695238095
24.137142857
24.551111111
24.993015873
25.396507937
25.838730159
26.255238095
26.699682540
27.133968254
27.540997732	here
27.959501134
28.405827664
28.838095238
29.267301587
29.689070295
30.120634921
30.532063492
30.976507937
31.408253968
31.837460317
32.261587302
32.706031746
33.120000000
33.582222222
33.965714286
34.394920635	here
34.821587302
35.278730159
35.707936508
36.152380952
36.579047619
37.008253968
37.409523810
37.841269841
38.262857143
38.704285714
39.110725624
39.538072562
39.966575964
40.403809524
40.833990930
41.246984127	here
41.686349206
42.112063492
42.537142857
42.971428571
43.398095238
43.837460317
44.256507937
44.695873016
45.105578231
45.550226757
45.975351474
46.417868481
46.838684807
47.291428571
47.702857143
48.129523810	here
48.562539683
48.985396825
49.414603175
49.846349206
50.270476190
50.720000000
51.110680272
51.555555556
51.979682540
52.408888889
52.843174603
53.266870748
53.689297052
54.115555556
54.550566893
54.963809524	here