0.914285714
1.498412698
2.082539683
2.712380952
3.291428571
3.845079365
4.464761905
5.018775510
5.557551020
6.086530612
6.661224490
7.186575964
7.738775510
8.267755102
8.794557823
9.282176871
9.769795918	here
10.324897959
10.853877551
11.402448980
11.929251701
12.467573696
12.989591837
13.449795918
13.962448980
14.491428571
14.994285714
15.493877551
16.042448980
16.600816327
17.090612245
17.564081633
18.096326531
18.607891156	here
19.098775510
19.629070295
20.145668934
20.659591837
21.191836735
21.711020408
22.173968254
22.643809524
23.169523810
23.677460317
24.205056689
24.709274376
25.244444444
25.741065760
26.219682540
26.755555556	here
27.271111111
27.781587302
28.286984127
28.769523810
29.349115646
29.837641723
30.336870748
30.873832200
31.341133787
31.846167800
32.377324263
32.922517007
33.425578231
33.930158730
34.433015873
34.951111111
35.431111111
35.939047619	here