0.512653061
1.348571429
2.164580499
2.912108844
3.697800454
4.485895692
5.319183673
6.115532880
6.925102041
7.683718821
8.502857143
9.319342404
10.093061224
10.913990930
11.706122449
12.486530612	here
13.250612245
14.010680272
14.775510204
15.572244898
16.300408163
17.071020408
17.840408163
18.585260771
19.355011338
20.084195011
20.871292517
21.599795918
22.360816327
23.116077098
23.902040816
24.623673469	here
25.391201814
26.220408163
27.023673469
27.772267574
28.552947846
29.309387755
30.099841270
30.882176871
31.686530612
32.471700680
33.273469388
34.014693878
34.799342404
35.565714286
36.352653061
37.159183673	here
37.959183673
38.749387755
39.533219955
40.313469388
41.093877551
41.862426304
42.633650794
43.389387755
44.181904762
44.937142857
45.707755102
46.471836735
47.209795918
48.003265306
48.773877551
49.534444444	here
50.298775510