0.393673469
1.043083900
1.689251701
2.314739229
2.890884354
3.492063492
4.081632653
4.655600907
5.253514739
5.845623583
6.381859410
6.922448980
7.482630385
8.048616780
8.561541950
9.111269841
9.648979592	here
10.217006803
10.769251701
11.321927438
11.865351474
12.398662132
12.943310658
13.500657596
14.020861678
14.572335601
15.136507937
15.661768707
16.209886621
16.721995465
17.259909297
17.791269841
18.340136054	here
18.877097506
19.452154195
19.998185941
20.502335601
21.040294785
21.565396825
22.114829932
22.659047619
23.156485261
23.711564626
24.250340136
24.764081633
25.257460317
25.811156463
26.356462585
26.888707483	here
27.438367347
28.015238095
28.543129252
29.093877551
29.630839002
30.144625850
30.665578231
31.194557823
31.686167800
32.288435374
32.801632653
33.350476190
33.853061224
34.337959184
34.904489796
35.427913832	here