0.716190476
1.428027211
1.946122449
2.455238095
2.944829932
3.469297052
4.011972789
4.536598639
5.028571429
5.474829932
5.982040816
6.495782313
6.985578231
7.512380952
8.021768707
8.496326531
8.944761905	here
9.493854875
9.966417234
10.451156463
10.949659864
11.428571429
11.935782313
12.445170068
12.937868481
13.420408163
13.888435374
14.323809524
14.813605442
15.336054422
15.867573696
16.325873016
16.810045351	here
17.317006803
17.788662132
18.254376417
18.733696145
19.239909297
19.715192744
20.165079365
20.625850340
21.105192744
21.593197279
22.068412698
22.551836735
23.024036281
23.501383220
23.987301587
24.467528345	here
24.999183673
25.472653061
25.964399093
26.471836735
26.977959184
27.444897959
27.892176871
28.366122449
28.848684807
29.346031746
29.866485261
30.308571429
30.814013605
31.288163265
31.719183673
32.193809524	here
32.724897959
33.175510204
33.681632653
34.100090703
34.588299320
34.995374150
35.454693878
35.915102041
36.450612245
36.862040816
37.377959184
37.780680272
38.269387755
38.730884354
39.211972789
39.666938776	here
40.153469388
40.631292517
41.105850340
41.586938776
42.059319728
42.515374150
42.967074830
43.448163265
43.917460317
44.366802721
44.878367347
45.234467120
45.694421769
46.157596372
46.612244898
47.053242630	here
47.548208617
48.021723356
48.473469388
48.925170068
49.405895692
49.890249433
50.321995465
50.809977324
51.256848073
51.742403628
52.211020408
52.698412698
53.166439909
53.618344671
54.077097506
54.525170068	here
54.951473923
55.463038549
55.885714286
56.382766440
56.839183673
57.306122449
57.764920635
58.224761905
58.703673469
59.162993197
59.618820862
60.072925170
60.523537415
60.966462585
61.387755102
61.829659864	here_not_beat