0.917188209
1.520907029
2.089795918
2.618049887
3.155011338
3.690521542
4.228571429
4.767346939
5.358367347
5.890612245
6.426122449
6.992108844
7.522539683
8.068934240
8.573968254
9.104761905
9.647891156	here
10.176145125
10.717460317
11.292154195
11.847981859
12.389297052
12.920408163
13.454512472
14.026417234
14.584489796
15.128163265
15.673106576
16.210612245
16.765714286
17.286145125
17.777777778
18.331428571	here
18.877460317
19.432675737
19.970566893
20.534353741
21.065442177
21.622857143
22.148571429
22.714920635
23.250793651
23.804444444
24.363174603
24.917913832
25.473015873
26.006349206
26.570158730
27.118730159	here
27.672290249
28.212244898
28.713469388
29.288707483
29.835578231
30.381632653
30.920816327
31.446712018
31.976417234
32.529160998
33.055782313
33.587301587
34.126077098
34.679365079
35.236598639
35.778684807	here
36.339591837
36.870748299
37.413356009
37.945578231
38.480000000
39.002448980
39.544489796
40.115918367
40.675918367
41.200975057
41.775600907
42.289342404
42.829206349
43.338775510
43.902040816
44.425056689	here
44.968163265
45.515306122
46.068571429
46.607346939
47.134693878
47.668571429
48.230204082
48.798367347
49.334421769
49.869863946
50.429387755
50.953469388
51.466122449
52.033015873
52.574693878
53.133514739	here
53.701224490
54.237551020
54.757551020
55.314285714
55.853061224
56.398208617
56.932244898
57.489319728
58.002244898
58.561836735
59.079183673
59.704489796
60.250249433
60.773877551
61.336553288
61.912675737	here
62.434285714
62.985895692
63.550340136
64.080068027
64.614240363
65.166507937
65.764897959
66.287346939
66.819591837
67.378707483
67.920634921
68.483265306
69.031133787
69.596734694
70.122448980
70.694603175	here_not_beat