0.373038549
1.253877551
2.014195011
2.912653061
3.803378685
4.636734694
5.577142857
6.504489796
7.327346939
8.267256236
8.986122449
9.782857143
10.646643991
11.507868481
12.408163265
13.244081633
14.524081633
15.516734694
16.417959184
17.302199546
18.181224490
19.108571429
20.043401361
21.029750567
22.177959184
23.105306122
23.954285714
24.847823129
25.794920635
26.716167800
27.633968254
28.562176871
29.454625850
30.433242630
31.374195011
32.278526077
33.240816327
34.166575964
35.097709751
36.049297052
37.041632653
37.982040816
38.867029478
39.762585034
40.764081633
41.717233560
42.683015873
43.572244898
44.434285714
45.395124717
46.338004535
47.349591837
48.298253968
49.286621315
50.233174603
51.226031746
52.177142857
53.148299320
54.123628118
55.111360544
56.102358277
57.110045351
58.033469388
59.037392290