0.280816327
1.052154195
1.872108844
2.588253968
3.313718821
4.114285714
4.876190476
5.685986395
6.617687075
7.357823129
8.106666667
8.838095238
9.544263039
10.283129252
11.004512472
11.833469388
12.678095238
13.470476190
14.236734694
15.011700680
15.873741497
16.613877551
17.399365079
18.216054422
18.925827664
19.739863946
20.488707483
21.220136054
22.021224490
22.735238095
23.562448980
24.372244898
25.303945578
26.009251701
26.688435374
27.489523810
28.308027211
28.995918367
29.727346939
30.467482993
31.294693878
32.034829932
32.716167800
33.488979592
34.324897959
35.047619048
35.857414966
36.571428571
37.316530612
37.955918367
38.704761905
39.431337868
40.128866213
40.864081633
41.700136054
42.518639456
43.232653061
43.850884354
44.547482993
45.322448980
46.045170068
46.760158730
47.499319728
48.317823129
49.075374150
49.815510204
50.529523810
51.260952381
52.001088435
52.793469388
53.467188209
54.386938776
55.231564626
56.058775510
56.868571429
57.660952381
58.357551020
59.141224490
60.029387755