0.274285714
1.110204082
1.920000000
2.658684807
3.448163265
4.284081633
5.061950113
5.897868481
6.629297052
7.441995465
8.254693878
9.102222222
9.906213152
10.704353741
11.575147392
12.313832200
13.035351474
13.815873016
14.651904762
15.461632653
16.230748299
17.043446712
17.879365079
18.575963719
19.353832200
20.205804989
21.023650794
21.814852608
22.614331066
23.464285714
24.241632653
25.019501134
25.808979592
26.598458050
27.423492063
28.189024943
29.001723356
29.802811791
30.580680272
31.393492063
32.217687075
33.039727891
33.843083900
34.595555556
35.392789116
36.221882086
37.016916100
37.815986395
38.591564626
39.406553288
40.205351474
40.971609977
41.791496599
42.567052154
43.366145125
44.183446712
44.959637188
45.765827664
46.561564626