0.596643991
1.457777778
2.290793651
3.101133787
3.885714286
4.700453515
5.490793651
6.313650794
7.115283447
7.876757370
8.672494331
9.442426304
10.225238095
10.971428571
11.762471655
12.586666667
13.389206349
14.287528345
15.288888889
16.021768707
16.761904762
17.458594104
18.262494331
18.906848073
19.630000000
20.440816327
21.283265306
22.062426304
22.842154195
23.502947846
24.257596372
25.026757370
25.817687075
26.652154195
27.530158730
28.480725624
29.257142857
29.960997732
30.686621315
31.426757370
32.261224490
33.081179138
34.082539683
35.179682540
35.931428571
36.665759637
37.323174603
38.024126984
38.806349206