0.300408163
1.041496599
1.788185941
2.574875283
3.304739229
4.039251701
4.792675737
5.473083900
6.660045351
7.392698413
8.109455782
8.864376417
9.621723356
10.370612245
11.148503401
11.929206349
13.059433107
13.815419501
14.589614512
15.324580499
16.093650794
16.841904762
17.641972789
18.442630385
19.277369615
20.087551020
20.854852608
21.622244898
22.425691610
23.198435374
23.982539683
24.861882086
25.738208617
26.525804989
27.193469388
27.937959184
28.904489796
29.677800454
30.442154195
31.256893424
32.076643991
32.912743764
33.641564626
34.390408163
35.249863946
36.034693878
36.843242630
37.650907029
38.388344671
39.188390023
39.945600907
40.673514739
41.410634921
42.141224490
42.913900227
43.708888889
44.509229025
45.277278912
45.977210884
46.720634921
47.414036281
48.154172336
48.909206349
49.738458050
50.651428571
51.340090703
52.090136054
52.846009070
53.598616780
54.405759637
55.353469388
56.189387755
57.064489796
57.756734694
58.579591837
59.376326531
60.203129252
61.002131519
61.742403628