0.281632653
1.042902494
1.845986395
2.635464853
3.424943311
4.226031746
5.003900227
5.863038549
6.907936508
7.662585034
8.428843537
9.218321995
10.019410431
10.774058957
11.586757370
12.434285714
13.430907029
14.302040816
15.063900227
15.843265306
16.679183673
17.436734694
18.246530612
19.017142857
19.944489796
20.793469388
21.616326531
22.452244898
23.248979592
24.016077098
24.803265306
25.613061224
26.801632653
27.585306122
28.321904762
29.152653061
30.158367347
30.942040816
31.738775510
32.517755102
33.488979592
34.246530612
34.969886621
35.748571429
36.649795918
37.437845805
38.269387755
39.022244898
39.980408163
40.751020408
41.547755102
42.305306122
43.075918367
43.859591837
44.669387755
45.410498866
46.380408163
47.216326531
48.026122449
48.809795918
49.606530612
50.416326531
51.214512472
52.114285714
52.970521542
53.841269841
54.610430839
55.336054422
56.106825397
56.946938776
57.745124717
58.528798186
59.370521542
60.110657596
60.857687075
61.663492063
62.476190476
63.274376417
64.130612245
64.957823129