0.241043084
1.023877551
1.811587302
2.520657596
3.256485261
3.936643991
4.673310658
5.479909297
6.385487528
7.244625850
7.999274376
8.753922902
9.462131519
10.205170068
10.890158730
11.621587302
12.453990930
13.235374150
13.978412698
14.646961451
15.394829932
16.126258503
16.811247166
17.511587302
18.099954649
18.842993197
19.539591837
20.282630385
20.979229025
21.745487528
22.476916100
23.231564626
24.380952381
25.135600907
25.866462585
26.684399093
27.480816327
28.242176871
29.106213152
29.868049887
30.778049887
31.509931973
32.229297052
33.024172336
33.808253968
34.538843537
35.303219955
36.134693878
36.895102041
37.681587302
38.405804989
39.172063492
39.859229025
40.646530612
41.505668934
42.318367347
43.073378685
43.818752834
44.617142857
45.348571429
46.056780045
46.811428571
47.624126984
48.384648526
49.284353741
50.050612245
50.840090703
51.606349206
52.326167800
53.041609977
53.858684807
54.617936508
55.426031746
56.203900227
56.903945578
57.659546485
58.374965986
59.083174603
59.826213152
60.519002268