0.650158730
1.515102041
2.433038549
3.293922902
4.171020408
5.022585034
5.913514739
6.818390023
7.694943311
8.525691610
9.334421769
10.147120181
11.005668934
11.874217687
12.720907029
13.659138322
14.538548753
15.862857143
16.677732426
17.476848073
18.271201814
19.030045351
19.789297052
20.642222222
21.514739229
22.385487528
23.253333333
23.974603175
24.778072562
25.496303855
26.326870748
27.057256236
27.874829932
28.669024943
29.561904762
30.593809524
31.477551020
32.226394558
32.975238095
33.741496599
34.492539683
35.286780045
36.185442177
36.906666667
37.680340136
38.420317460
39.175102041
39.852698413
40.620136054