0.632789116
1.431678005
2.310090703
3.097505669
3.784852608
4.574331066
5.315827664
6.164897959
7.372335601
8.083446712
8.896145125
9.589841270
10.231292517
10.909092971
11.653968254
12.505396825
13.695986395
14.420770975
15.199841270
15.865034014
16.491972789
17.153741497
17.902585034
18.615396825
19.474285714
20.368253968
21.432018141
22.254875283
23.096598639
23.887528345
24.743764172
25.542743764
26.331428571
27.102040816
27.933605442
28.757913832
29.677619048
30.479523810
31.312108844
32.089977324
32.891065760
33.610884354
34.377142857
34.969251701
35.735510204
36.594648526
37.849705215
38.568344671
39.346213152
40.176621315
41.034240363
41.837369615
42.585396825
43.366870748
44.176213152
45.057641723
45.864671202
46.625668934
47.416825397
48.197188209
48.972585034
49.699047619
50.476235828
51.262562358
52.157823129
52.924081633
53.766167800
54.467845805
55.031292517
55.792766440
56.478639456
57.289183673
58.093650794
58.833764172
59.585691610
60.238367347
60.847891156
61.494852608
62.223673469
63.059591837
63.982585034
64.648185941
65.410929705
66.127097506
66.664489796
67.308843537
68.005442177
68.678185941
69.439841270