0.014512472
0.980884354
1.927936508
2.794489796
3.741315193
4.591746032
5.430657596
6.260680272
7.114013605
8.083446712
8.910045351
9.768231293
10.672471655
11.516712018
12.434285714
13.421133787
14.219319728
15.052766440
15.976281179
16.918911565
17.734829932
18.596734694
19.445827664
20.445170068
21.289795918
22.127346939
22.996575964
23.857936508
24.725464853
25.639909297
26.634013605
27.490249433
28.366575964
29.467573696
30.577777778
31.633560091
32.511950113
33.364308390
34.243968254
35.192925170
36.102018141
36.999229025
37.834444444
38.663582766
39.596258503
40.475056689
41.312766440
42.360158730
43.380861678
44.411405896
45.381315193
46.329410431
47.217664399
48.390521542
49.478480726