0.653356009
1.469523810
2.238004535
2.998548753
3.732789116
4.462834467
5.172244898
5.947392290
7.172063492
7.914603175
8.699954649
9.434058957
10.171995465
10.859682540
11.617755102
12.379750567
13.633015873
14.278662132
15.049591837
15.817687075
16.751746032
17.449795918
18.194285714
18.946031746
19.747437642
20.518798186
21.514421769
22.363038549
23.090793651
23.842539683
24.515918367
25.203809524
25.965714286
26.502222222
27.311020408
28.120816327
28.913809524
29.723628118
30.561156463
31.370476190
32.224013605
32.868208617
33.766145125
34.600272109
35.411746032
36.141859410
36.873287982
37.703514739
38.467392290
39.286099773
40.042811791
40.843900227
41.644988662
42.444693878
43.223945578
44.025034014
44.688253968
45.287619048
46.056780045
46.866621315
47.612811791
48.426666667
49.224512472
50.102630385
51.426303855
52.114285714
52.884625850
53.681564626
54.475419501
55.245328798
55.987891156
56.726349206
57.831428571
58.554943311
59.316485261
60.096077098
60.776598639
61.517528345
62.217165533
63.007573696
64.095374150
64.817664399
65.541519274
66.340748299
67.017687075
67.769886621
68.499455782
69.220725624
69.967142857
70.857142857
71.497142857