0.022448980
1.078344671
2.007460317
3.059229025
4.046077098
5.067755102
6.005056689
6.942902494
7.921950113
9.023129252
9.925782313
10.840997732
11.847006803
12.916780045
13.899319728
15.128526077
15.990725624
16.928049887
17.859591837
18.869070295
19.702653061
20.689523810
21.705192744
22.722789116
23.679160998
24.680975057
25.542970522
26.526099773
27.547188209
28.535850340
29.587074830
30.751247166
31.739886621
32.778639456
34.029546485
35.327664399
36.481315193
37.513877551
38.380476190
39.447165533
40.474195011
41.632879819
42.577573696
43.577528345
44.720544218
45.657052154
46.597596372
47.634580499
48.666281179
49.676031746
50.717165533
51.691768707
52.701020408
53.667437642
54.625102041
55.574693878
56.537845805
57.515623583