0.362811791
1.168253968
2.039002268
2.781995465
3.593129252
4.462585034
5.268027211
6.186893424
7.002267574
7.803083900
8.614943311
9.423424036
10.260000000
11.027346939
11.860204082
12.695487528
13.526870748
14.350634921
15.158163265
15.995034014
16.844013605
17.665464853
18.493696145
19.327505669
20.157755102
20.928548753
21.762879819
22.589319728
23.378888889
24.194965986
25.027619048
25.851791383
26.688435374
27.559183673
28.410907029
29.178775510
30.023401361
30.861700680
31.707732426
32.487619048
33.192925170
34.020136054
34.856054422
35.657142857
36.419047619
37.210272109
38.042630385
38.823514739
39.558095238
40.380952381
41.173333333
41.914920635
42.747936508
43.540317460
44.353015873
45.114920635
45.897142857
46.679365079
47.395850340
48.172698413
49.046349206
49.889523810
50.803809524