0.279365079
1.098390023
1.965714286
2.707301587
3.530158730
4.353015873
5.084444444
5.968253968
6.718775510
7.502222222
8.314920635
9.071746032
9.885238095
10.692063492
11.523401361
12.307301587
13.084444444
13.851428571
14.674285714
15.461269841
16.274648526
17.036734694
17.894603175
18.643287982
19.410136054
20.261587302
21.028412698
21.881904762
22.659047619
23.505328798
24.269206349
25.020952381
25.857301587
26.655691610
27.504761905
28.272925170
29.064126984
29.810793651
30.557732426
31.375238095
32.228571429
33.020952381
33.838730159
34.666666667
35.378503401
36.246349206
37.043809524
37.841269841
38.582857143
39.431111111
40.218412698
41.020952381
41.772698413
42.570657596
43.387936508
44.185396825
44.953151927
45.770430839
46.574149660