0.610680272
1.410113379
2.264444444
3.099160998
3.952040816
4.757460317
5.570317460
6.495600907
7.348253968
8.254693878
9.056507937
9.890113379
10.749455782
11.607074830
12.404739229
13.302063492
14.367346939
15.425306122
16.310952381
17.244263039
18.113015873
18.925714286
19.800816327
20.845714286
21.838367347
23.045804989
23.928163265
25.234285714
26.157278912
27.377777778
28.351564626
29.779591837
30.759183673
31.621224490
32.809795918
33.724081633
34.625306122
35.552653061
36.693333333
37.982040816
38.957278912
40.398707483
41.456326531
42.267210884
43.337142857
44.199183673
45.094308390
45.975510204
46.950748299
47.949206349
49.048820862