0.476009070
1.251337868
2.067777778
2.866643991
3.663401361
4.434557823
5.223877551
6.036825397
6.858775510
7.631496599
8.423560091
9.197346939
10.077460317
10.847437642
11.658276644
12.458253968
13.248775510
14.001746032
14.762244898
15.567505669
16.396757370
17.192811791
17.976689342
18.779523810
19.615260771
20.410498866
21.194603175
22.006394558
22.814557823
23.595442177
24.379591837
25.200498866
26.039909297
26.861972789
27.642267574
28.406235828
29.228163265
30.016712018
30.780521542
31.550136054
32.368979592
33.183083900
33.980272109
34.756825397
35.595102041
36.363106576
37.131111111
37.927120181
38.743492063
39.592154195
40.410680272
41.218594104
41.961723356
42.712675737
43.497641723
44.289410431
45.094671202
45.880204082
46.681020408
47.467278912
48.294535147
49.099705215
49.916643991
50.709319728
51.546848073
52.362108844
53.133560091
53.880000000
54.681768707
55.474036281
56.279251701
57.074104308
57.894852608
58.690952381
59.516870748
60.313514739
61.112244898
61.897029478
62.734399093
63.491269841
64.280907029
65.096598639
65.911746032
66.674421769
67.466575964
68.288866213
69.057301587
69.862290249
70.679841270
71.494126984
72.243900227
73.030204082
73.829365079
74.599954649
75.391360544
76.281904762