0.719795918
1.631678005
2.528367347
3.456077098
4.313764172
5.200612245
6.072539683
6.969433107
7.894217687
8.775963719
9.676099773
10.539931973
11.424512472
12.339931973
13.291428571
14.249138322
15.104648526
16.037551020
16.914648526
17.805056689
18.705600907
19.583514739
20.439795918
21.326757370
22.236303855
23.107868481
23.960680272
24.879410431
25.939591837
26.823628118
27.704240363
28.720408163
29.727346939
30.625578231
31.555464853
32.437868481
33.515102041
34.394263039
35.286077098
36.297142857
37.655510204
38.465306122
39.334535147
40.204988662
41.172721088
42.111405896
42.989931973
43.888979592
44.849591837
45.704149660
46.594648526
47.451133787
48.374104308
49.323718821
50.298775510
51.252244898
52.384217687
53.314603175
54.172698413
55.077573696
56.198095238
57.051428571
57.912448980