0.728571429
1.585238095
2.415442177
3.362811791
4.347709751
5.309297052
6.147641723
7.070476190
8.028299320
8.907732426
9.839455782
10.640544218
11.614399093
12.582857143
13.533718821
14.611156463
16.074013605
17.066666667
18.049229025
19.104217687
20.166530612
21.124353741
21.960272109
22.813605442
23.746190476
24.694421769
25.648798186
26.685328798
27.693356009
28.650929705
29.543492063
30.563265306
32.134784580
33.241405896
34.290068027
35.293764172
36.219251701
37.225102041
38.591564626
39.828027211
41.151564626
42.335782313
43.702335601
44.736099773
45.730589569
46.654693878
47.664761905
48.690362812
50.242176871
51.370362812
52.628027211
54.003809524