0.817006803
1.625691610
2.422925170
3.200521542
3.933650794
4.749705215
5.549569161
6.478367347
7.256235828
8.057324263
8.881632653
9.705941043
10.843718821
11.737687075
12.643265306
13.525623583
14.442811791
15.431224490
16.299342404
17.172539683
18.038140590
18.886802721
19.744965986
20.592721088
21.451995465
22.151836735
22.976235828
23.803922902
24.617006803
25.669659864
26.485714286
27.353401361
28.207460317
29.001723356
29.871496599
30.650340136
31.589047619
32.526258503
33.404081633
34.458412698
35.480090703