0.851247166
1.595714286
2.471428571
3.221247166
4.026598639
4.768934240
5.581496599
6.347755102
7.209501134
8.044784580
8.803265306
9.628095238
10.407936508
11.240816327
12.129523810
12.996371882
13.905850340
14.785306122
15.451428571
16.222040816
16.909931973
17.521292517
18.378616780
19.095510204
19.905306122
20.749931973
21.533605442
22.323083900
23.086689342
23.875918367
24.679569161
25.492675737
26.262902494
27.155600907
27.935736961
28.731360544
29.497551020
30.321496599
31.135782313
31.917392290
32.741156463