0.522448980
1.242494331
2.031746032
2.826371882
3.576870748
4.335011338
5.112811791
5.872131519
6.661020408
7.454739229
8.130612245
8.855510204
9.552040816
10.306643991
11.035056689
11.765986395
12.578458050
13.380498866
14.098866213
14.831746032
15.651700680
16.367324263
17.083560091
17.886621315
18.648526077
19.386893424
20.124988662
20.821700680
21.696145125
22.423242630
23.132879819
23.822222222
24.787301587
25.460680272
26.158820862
26.923537415
27.661882086
28.386394558
29.277460317
30.000181406
30.650340136
31.358548753
32.159637188
32.995555556
33.770476190
34.524149660
35.274965986
36.011088435
36.775532880
37.552018141
38.308004535
39.040317460
39.903492063
40.652562358
41.444217687
42.211360544
42.987777778
43.717823129
44.478253968
45.219047619
45.962244898