0.444081633
1.259569161
2.124625850
2.908299320
3.611768707
4.391111111
5.250612245
5.998820862
6.928253968
7.649523810
8.431746032
9.169727891
9.987437642
10.787369615
11.631746032
12.411428571
13.248027211
14.032902494
14.805192744
15.577981859
16.335941043
17.129433107
17.967301587
18.854603175
19.584240363
20.367029478
21.191111111
21.996258503
22.771360544
23.547845805
24.346734694
25.133310658
25.964058957
26.798730159
27.631746032
28.375578231
29.166349206
30.039365079
30.781428571
31.603809524
32.336031746
33.134444444
33.943129252
34.749659864
35.548911565
36.333968254
37.119274376
37.872947846
38.673287982
39.568253968
40.347414966
41.142335601
41.951678005
42.747823129
43.507392290
44.277392290
45.104013605
45.945124717
46.699682540
47.488888889
48.263401361
49.047482993
49.909841270
50.732698413
51.515351474
52.382403628
53.129954649
53.908163265
54.710068027
55.517120181
56.301972789
57.081337868
57.890907029
58.666122449
59.560634921
60.314126984
61.121451247
61.968934240
62.758526077
63.532108844
64.349637188
65.121655329
65.869342404
66.642040816
67.446031746
68.233786848
69.018412698
69.851428571
70.603174603
71.438185941
72.210634921
73.016689342
73.849115646
74.654353741
75.412471655
76.230090703
77.068526077