0.761904762
1.697959184
2.626757370
3.410385488
4.295646259
5.231088435
6.082993197
6.955646259
7.938321995
8.838095238
9.671179138
10.566122449
11.537414966
12.355873016
13.424036281
14.319546485
15.256054422
16.151859410
17.050498866
17.949954649
18.838548753
19.735464853
20.635736961
21.526575964
22.486009070
23.424240363
24.261700680
25.136371882
26.018299320
26.877233560
27.878458050
28.995918367
30.055328798
31.027664399
31.985487528
32.943310658
34.249433107
35.163718821
36.005442177
36.861678005
38.254875283
39.166190476
40.069183673
40.910657596
42.245804989
43.145578231
44.088888889