0.400589569
1.060498866
1.760158730
2.324897959
2.864761905
3.423741497
4.091995465
4.675170068
5.213537415
5.834784580
6.447687075
7.130340136
7.769115646
8.419659864
9.022607710
9.675668934
10.327074830
10.945646259
11.615782313
12.219659864
12.835873016
13.452607710
14.056009070
14.666938776
15.220748299
15.817188209
16.402108844
17.009727891
17.660181406
18.311405896
18.904376417
19.818231293
20.398730159
20.897959184
21.420408163
21.896417234
22.382063492
23.034195011
23.629773243
24.159183673
24.695374150
25.216870748
25.727709751
26.269705215
26.747687075
27.293832200
27.864126984
28.469115646
29.074263039
29.641587302
30.145215420
30.711224490
31.236984127
31.763015873
32.297346939
32.859297052
33.434625850
33.929342404
34.427845805
34.992743764
35.512993197
36.068049887
36.628820862