0.555102041
1.345306122
2.148571429
2.898979592
3.787755102
4.584489796
5.364875283
6.185192744
7.005532880
7.836938776
8.650181406
9.486848073
10.330907029
11.143424036
11.932494331
12.720090703
13.610884354
14.424535147
15.185328798
15.985464853
16.817369615
17.630952381
18.372970522
19.118344671
19.826643991
20.606802721
21.424081633
22.203287982
23.011882086
23.839637188
24.607233560
25.431405896
26.151473923
26.821451247
27.588208617
28.212244898
29.068480726
29.912562358
30.615782313
31.378503401
32.163265306
32.882448980
33.624875283
34.370770975
35.181065760
35.925374150
36.626009070
37.384852608
38.167913832
38.949818594
39.689705215
40.423038549
41.155578231
41.989047619
42.715215420
43.457959184
44.202675737
45.014195011
45.740997732
46.522698413
47.346938776