0.478911565
1.180340136
2.066575964
2.864761905
3.709387755
4.484353741
5.233197279
6.060408163
6.896326531
7.714829932
8.515918367
9.282176871
10.043061224
10.823401361
11.676734694
12.390748299
13.191836735
13.969682540
14.828843537
15.656054422
16.422312925
17.266938776
18.033197279
18.834285714
19.591836735
20.405283447
21.204580499
21.953877551
22.839727891
23.571723356
24.356598639
25.162721088
25.991609977
26.767142857
27.520226757
28.386757370
29.154829932
29.971020408
30.743378685
31.560521542
32.320498866
33.116371882
33.906734694
34.709546485
35.499410431
36.306054422
37.112925170
37.884353741
38.677278912
39.538888889
40.352743764
41.147437642
41.958412698
42.758911565
43.508979592
44.287800454
45.063469388
45.879115646
46.655215420
47.489138322
48.285487528
49.102653061
49.884807256
50.659954649