0.571791383
1.486077098
2.427210884
3.257528345
4.119705215
5.104761905
6.021224490
6.862993197
7.730793651
8.584126984
9.469886621
10.362789116
11.238503401
12.070566893
12.940068027
13.834308390
14.569795918
15.399183673
16.267755102
17.110521542
17.989909297
18.768979592
19.591836735
20.395102041
21.296326531
22.132244898
22.974693878
23.849795918
24.661405896
25.561269841
26.488163265
27.340702948
28.172063492
29.001723356
29.879727891
30.764081633
31.584036281
32.444920635
33.257959184
34.159591837
35.036258503
35.936507937
36.826848073
37.633922902
38.713469388
39.481224490
40.381133787
41.108027211
42.016507937
42.910476190
43.706848073
44.530068027
45.440000000
46.369931973