0.605668934
1.443174603
2.323061224
3.175011338
3.970612245
4.793469388
5.629387755
6.386780045
7.165396825
7.950000000
8.737959184
9.595510204
10.367777778
11.211972789
12.018639456
12.847233560
13.698344671
14.527845805
15.357573696
16.141360544
17.123265306
17.854693878
18.703673469
19.549229025
20.378888889
21.189909297
21.942857143
22.743083900
23.491791383
24.378004535
25.181179138
25.931451247
26.710204082
27.428571429
28.184603175
29.035102041
29.857959184
30.811428571
31.660408163
32.548571429
33.488979592
34.416326531
35.448163265
36.385351474
37.133061224
37.942857143
38.831020408
39.622743764
40.437551020
41.273469388
42.109387755
42.880000000
43.609977324
44.422675737
45.540136054
46.244376417
47.296145125
48.152380952
48.965079365
49.705215420
50.459863946
51.214512472