0.557278912
1.358367347
2.155102041
2.932244898
3.755102041
4.540294785
5.358208617
6.113356009
6.942766440
7.677278912
8.533333333
9.369795918
10.112290249
10.974965986
11.816689342
12.492335601
13.302403628
14.084897959
14.953650794
15.836009070
16.520997732
17.252426304
18.099954649
18.864807256
19.748571429
20.514829932
21.243242630
22.083968254
22.854444444
23.699365079
24.478049887
25.254603175
26.015895692
26.875328798
27.643356009
28.444444444
29.222312925
29.988571429
30.779206349
31.567528345
32.350249433
33.262358277
34.034920635
34.882448980
35.689047619
36.397709751
37.236485261
38.052811791
38.850158730
39.659682540
40.391111111
41.299886621
41.956870748
42.768049887
43.642766440
44.483582766
45.184421769
46.042698413
46.834195011
47.674172336
48.408027211
49.212244898
50.053900227
50.818526077