0.621541950
1.381859410
2.212335601
2.977392290
3.817755102
4.650340136
5.480907029
6.289365079
7.099160998
7.912925170
8.665056689
9.433401361
10.222698413
11.053741497
11.829229025
12.638390023
13.582040816
14.332766440
15.052993197
15.805941043
16.582018141
17.348526077
18.060793651
18.803650794
19.563560091
20.317732426
21.089342404
21.873265306
22.573424036
23.356666667
24.101519274
24.917800454
25.774693878
26.530068027
27.239183673
27.968435374
28.773877551
29.997278912
30.702585034
31.399183673
32.198253968
33.263356009
34.014603175
34.699319728
35.565714286
36.402448980
37.099682540
37.824195011
38.582743764
39.497142857
40.262517007
40.939682540
41.790158730
42.512086168
43.238344671
43.969433107
44.657777778
45.572063492
46.310839002
47.043333333
47.823922902