0.693492063
1.414965986
2.111564626
2.909750567
3.642630385
4.319138322
5.152131519
5.889365079
6.701088435
7.454829932
8.206553288
8.987120181
9.718185941
10.527596372
11.277414966
12.132426304
12.894331066
13.616575964
14.374603175
15.151179138
15.992743764
16.728775510
17.526757370
18.318752834
19.105419501
19.866507937
20.642131519
21.412108844
22.169546485
22.910907029
23.705464853
24.456371882
25.399727891
26.195011338
27.000453515
27.834920635
28.618594104
29.367369615
30.147687075
30.931065760
31.714308390
32.500430839
33.319365079
34.086349206
34.975056689
35.719319728
36.564172336
37.298775510
38.058956916
38.904739229
39.698662132
40.522403628
41.303378685
42.091655329
42.838888889
43.599795918
44.321088435
45.108367347
45.856145125
46.675056689
47.434920635
48.202857143
48.984081633
49.769886621