0.596235828
1.439637188
2.321995465
3.134693878
4.086190476
4.922630385
5.668820862
6.640907029
7.489682540
8.395691610
9.222562358
10.066099773
10.919750567
11.844943311
12.721201814
13.609229025
14.419591837
15.127800454
15.857777778
16.567437642
17.336598639
18.045170068
18.870204082
19.621224490
20.369433107
21.037278912
21.757823129
22.483446712
23.240702948
23.756734694
24.498503401
25.213605442
26.029569161
26.969977324
27.733333333
28.566349206
29.352925170
30.113492063
30.836553288
31.684331066
32.452630385
33.401904762
34.191383220
35.004081633
35.821972789
36.594648526
37.453786848
38.301315193
39.160453515