0.674739229
1.567346939
2.445351474
3.321995465
4.249705215
5.118208617
6.067505669
6.969297052
7.916371882
8.813129252
9.704263039
10.579954649
11.505646259
12.454421769
13.332244898
14.253061224
15.687981859
16.667573696
17.552834467
18.660136054
19.504761905
20.331768707
21.577142857
22.402902494
23.259546485
24.380952381
25.253696145
26.136009070
27.012063492
27.733333333
28.617142857
29.389206349
30.212063492
30.960136054
31.853492063
32.609523810
33.503492063
34.184126984
34.999909297
35.740839002
36.577188209
37.467256236
38.294444444
39.103310658
39.986689342