0.588571429
1.306122449
2.161337868
2.996689342
3.790226757
4.576507937
5.387074830
6.242517007
7.097619048
7.849795918
8.607346939
9.475396825
10.333968254
11.178140590
11.991292517
12.870634921
13.753469388
14.574149660
15.265147392
16.121156463
16.912290249
17.738163265
18.502222222
19.286757370
20.095804989
20.951156463
21.805464853
22.556734694
23.367959184
24.166530612
24.968480726
25.761383220
26.546712018
27.487369615
28.305623583
29.074285714
29.965351474
30.673560091
31.512380952
32.278639456
33.044897959
33.811156463
34.664489796
35.465578231
36.214421769
37.015510204
37.842721088
38.554693878
39.261632653
40.049478458
40.968707483
41.669637188
42.497120181
43.273945578
44.089591837
44.869659864
45.653333333
46.437006803
47.187913832
47.932471655
48.672086168
49.456281179