0.635646259
1.480272109
2.342312925
3.168049887
3.994648526
4.828321995
5.676643991
6.565442177
7.435487528
8.256802721
9.111995465
9.870317460
10.739229025
11.572244898
12.362834467
13.226666667
14.099024943
14.905487528
15.731746032
16.534761905
17.380136054
18.206553288
19.035555556
19.882131519
20.680272109
21.490068027
22.633650794
23.533424036
24.756825397
25.904761905
27.022222222
27.865396825
28.617142857
29.383446712
30.197551020
31.016938776
31.826281179
32.663061224
33.475623583
34.324535147
35.114988662
35.922902494
36.632380952
37.466938776
38.645600907
39.558095238
40.340657596
41.099319728
41.884444444
42.650702948
43.485170068
44.242902494
45.056507937
45.909319728
46.837528345
47.662539683
48.453605442
49.285102041
50.079591837
50.868798186
51.669092971