0.329682540
0.898843537
1.465147392
1.985306122
2.496145125
3.081133787
3.564263039
4.166077098
4.698934240
5.250476190
5.780090703
6.358231293
6.838276644
7.380839002
7.999274376
8.568163265
9.183492063
9.711201814
10.286439909
10.867732426
11.394308390
11.969931973
12.512154195
13.085442177
13.613922902
14.118253968
14.630181406
15.219319728
15.772086168
16.276167800
16.803038549
17.384013605
17.902585034
18.364081633
18.822675737
19.321405896
19.789682540
20.269659864
20.751859410
21.228684807
21.707460317
22.205351474
22.676122449
23.141564626
23.579795918
24.011904762
24.483968254
24.997732426
25.723356009
26.180498866
26.611428571
27.131950113
27.581111111
28.057868481
28.531768707
29.009478458
29.525736961
30.023492063
30.516326531
31.028208617
31.508571429
31.973718821
32.495804989
32.993786848