0.690793651
1.605215420
2.523560091
3.507142857
4.486439909
5.342721088
6.209863946
7.076712018
7.942086168
8.878934240
9.822562358
10.710907029
11.655102041
12.510907029
13.395419501
14.315102041
15.255147392
16.138730159
16.950566893
17.874557823
18.754512472
19.841451247
20.759773243
21.626621315
22.484195011
23.363083900
24.184126984
25.098185941
25.974943311
27.469206349
28.351564626
29.249591837
30.177233560
31.076394558
31.958616780
32.897528345
33.827596372
34.792267574
35.685646259
36.517573696
37.392562358
38.196145125
39.113605442
40.008775510
40.956938776
42.218027211
43.165895692
44.199183673
45.081541950
45.905850340
46.695328798
47.562947846
48.415238095
49.315555556
50.186916100
50.994331066
51.806371882
52.627528345
53.449433107
54.328480726
55.128571429
56.134240363
57.037052154