0.654512472
1.615238095
2.648526077
3.644081633
4.669818594
5.765804989
6.730884354
7.785941043
8.833741497
9.823492063
10.833401361
11.844875283
12.904535147
13.927619048
14.857868481
15.876643991
16.922993197
17.955555556
19.060317460
20.080000000
21.164444444
22.189206349
23.310476190
24.438095238
25.467528345
26.474013605
27.625578231
28.662176871
29.701587302
30.756825397
31.730793651
32.754285714
33.773514739
34.807936508
35.822222222
36.796190476
37.848888889
38.872199546
39.854625850
40.930975057
41.957460317
42.961451247
43.967346939
44.932426304
45.939229025
46.946938776
47.911111111
48.982108844