0.528730159
1.292018141
2.099931973
2.902244898
3.713877551
4.568798186
5.331859410
6.166462585
6.944217687
7.765351474
8.589931973
9.363333333
10.196848073
11.060158730
11.885714286
12.731950113
13.543764172
14.397619048
15.259863946
16.134965986
17.014421769
17.898231293
18.812517007
19.675283447
20.532244898
21.511836735
22.368639456
23.179319728
24.043718821
24.894693878
25.756394558
26.634580499
27.484285714
28.326167800
29.146734694
30.080000000
30.927210884
31.794376417
32.714149660
33.604104308
34.512970522
35.348752834
36.191859410
37.037845805
37.890612245
38.813605442
39.697301587
40.602993197
41.534648526
42.309659864
43.171609977
43.981609977