0.470204082
1.300408163
2.168526077
3.026122449
3.898208617
4.725986395
5.594285714
6.468480726
7.274285714
8.053877551
8.888979592
9.716734694
10.620408163
11.462040816
12.327346939
13.213151927
14.105215420
14.960000000
15.860680272
16.632539683
17.432380952
18.259047619
19.120634921
20.029841270
20.892698413
21.750476190
22.597460317
23.413968254
24.339047619
25.176507937
26.059047619
26.963809524
27.837460317
28.743492063
29.637460317
30.497052154
31.464399093
32.329795918
33.247346939
33.976598639
34.827755102
35.707755102
36.562448980
37.553469388
38.391292517
39.233469388
40.067482993
40.955646259