0.48
1.448163265
2.450612245
3.434058957
4.511927438
5.491405896
6.504489796
7.452154195
8.53478458
9.485351474
10.479433107
11.466303855
12.503945578
13.476303855
14.484897959
15.444172336
16.496326531
17.479183673
18.457687075
19.478526077
20.466938776
21.479546485
22.480181406
23.459863946
24.526077098
25.496145125
26.510204082
27.490612245
28.484897959
29.485714286
30.45877551
31.422040816
32.477278912
33.485714286
34.477278912
35.513560091
36.506666667
37.511020408
38.446530612
39.449387755
40.465306122
41.47755102
42.473061224
43.468979592
44.518367347
45.495918367
46.480816327
47.467936508
48.507755102
49.485419501
50.496507937
51.535510204
52.492244898
53.552653061
54.497959184
55.502040816
56.512653061
57.510204082
58.45877551
59.474331066
60.444081633
61.45829932
62.497959184
63.478820862
64.514285714
65.453061224
66.445714286
67.572970522
