0.535510204
1.580408163
2.491428571
3.431836735
4.346485261
5.296077098
6.240498866
7.320816327
8.293877551
9.212517007
10.112358277
11.115102041
12.047256236
13.015668934
13.978888889
14.935102041
16.081269841
17.026031746
17.941768707
19.056326531
19.983673469
20.976326531
21.957369615
22.92244898
23.974603175
24.909206349
25.925079365
26.89015873
27.86829932
28.898684807
29.830793651
30.7769161
31.759092971
32.665034014
33.63845805
34.564331066
35.485895692
36.432108844
37.401247166
38.378231293
39.420226757
40.331836735
41.31845805
42.187936508
43.177505669
44.18031746
45.123333333
46.129863946
47.04015873
48.002902494
49.00861678
49.973492063
51.030022676
51.972063492
52.961950113
53.909251701
55.077732426
56.055873016
57.014671202
57.954353741
58.872380952
60.055510204
60.94537415
61.913514739
62.874671202
63.814240363
64.760090703
65.821315193
