0.205714286
0.989387755
1.787936508
2.608185941
3.375238095
4.136054422
4.928435374
5.709931973
6.463129252
7.219659864
7.993922902
8.775079365
9.566961451
10.338979592
11.128163265
11.913877551
12.717891156
13.523900227
14.332834467
15.072653061
15.94122449
16.714013605
17.556462585
18.364081633
19.163854875
19.961133787
20.763854875
21.625034014
22.471111111
23.305759637
24.034285714
24.862222222
25.654603175
26.462222222
27.241904762
28.132063492
28.905396825
29.726984127
30.48
31.320634921
32.151111111
32.973968254
33.767619048
34.593015873
35.37015873
36.210793651
36.998095238
37.841904762
