0.478911565
1.539433107
2.516462585
3.526530612
4.485827664
5.448843537
6.502312925
7.476485261
8.472380952
9.47015873
10.505578231
11.502585034
12.451655329
13.466122449
14.489251701
15.471020408
16.467959184
17.543401361
18.514285714
19.489047619
20.525714286
21.487891156
22.451746032
23.479727891
24.513741497
25.525986395
26.486712018
27.48324263
28.543718821
29.518480726
30.464580499
31.486054422
32.515918367
33.517278912
34.484693878
35.50154195
36.519070295
37.495170068
38.504897959
39.477528345
40.483696145
41.519455782
42.507346939
43.49170068
44.484353741
45.470068027
46.452585034
47.486258503
