0.53877551
1.562993197
2.688435374
3.615782313
4.586666667
5.592380952
6.620226757
7.629931973
8.568163265
9.546303855
10.563809524
11.551587302
12.512653061
13.466122449
14.454421769
15.428571429
16.449886621
17.393197279
18.332517007
19.268571429
20.186326531
21.132040816
22.132131519
23.027528345
23.963922902
24.825782313
25.715895692
26.694036281
27.631746032
28.54893424
29.448888889
30.378412698
31.35968254
32.266575964
33.302176871
34.201950113
35.0461678
36.02430839
37.030022676
38.02122449
38.974693878
