0.482539683
1.445079365
2.463492063
3.461587302
4.436825397
5.427301587
6.427936508
7.456507937
8.472380952
9.489614512
10.422857143
11.481904762
12.485079365
13.488253968
14.43047619
15.456507937
16.45968254
17.434920635
18.481768707
19.507301587
20.50031746
21.490793651
22.382222222
23.395555556
24.476190476
25.445079365
26.47707483
27.494603175
28.524444444
29.48952381
30.467482993
31.486984127
32.477460317
33.526712018
34.455510204
35.551201814
36.432108844
37.363809524
38.397460317
39.436190476
40.49170068
41.486802721
42.508843537
43.53877551
44.570340136
45.495510204
46.447346939
47.410793651
