0.514285714
1.362789116
2.251428571
3.170612245
4.045351474
4.934240363
5.786848073
6.646712018
7.593650794
8.403650794
9.313378685
10.285714286
11.094965986
11.914829932
12.872562358
13.72154195
14.642131519
15.535555556
16.445442177
17.366349206
18.224761905
19.10122449
20.023582766
20.794557823
21.621904762
22.446439909
23.300430839
24.116825397
24.99047619
25.779954649
26.672335601
27.454693878
28.264489796
29.14829932
30.041632653
30.859319728
31.832199546
32.694421769
33.543401361
34.381496599
35.256666667
36.139954649
36.986417234
37.850566893
38.802176871
39.672199546
40.666122449
41.572675737
