0.563945578
1.605079365
2.562879819
3.535124717
4.497777778
5.397188209
6.39893424
7.405351474
8.317210884
9.240090703
10.212562358
11.181995465
12.25723356
13.193287982
14.148208617
15.06829932
15.967346939
16.99047619
17.958095238
18.932426304
19.854875283
20.806349206
21.723922902
22.602086168
23.613560091
24.630430839
25.566621315
26.5569161
27.533492063
28.469115646
29.406984127
30.358730159
31.248253968
32.262675737
33.293061224
34.326349206
35.348027211
36.278276644
37.247709751
38.191020408
39.137777778
40.083809524
41.08952381
41.988571429
43.053061224
43.953197279
44.953469388
46.193197279
