0.540589569
1.592743764
2.570521542
3.602721088
4.604421769
5.574603175
6.53968254
7.572834467
8.526077098
9.584444444
10.597732426
11.615419501
12.546031746
13.560090703
14.588662132
15.590022676
16.57324263
17.569160998
18.55600907
19.596190476
20.651972789
21.631564626
22.593741497
23.59292517
24.575238095
25.48952381
26.532063492
27.582222222
28.594285714
29.598730159
30.538412698
31.578412698
32.603174603
33.611428571
34.641269841
35.650793651
36.609591837
37.593650794
38.585623583
39.624126984
40.628571429
41.58984127
42.642539683
43.732063492
44.574693878
45.639365079
46.70984127
47.779047619
