0.242517007
1.176961451
2.120272109
3.163718821
4.04952381
4.957460317
5.908571429
7.067936508
7.960634921
8.894217687
9.900952381
10.977777778
11.932698413
12.94984127
13.933968254
15.081904762
16.095238095
17.129705215
18.18031746
19.17968254
20.245759637
21.217777778
22.250340136
23.338412698
24.331428571
25.311043084
26.314920635
27.356190476
28.382222222
29.414104308
30.373333333
31.448027211
32.424331066
33.429365079
34.341768707
35.460884354
36.477868481
37.519455782
38.495782313
39.580952381
40.59755102
41.660385488
42.720113379
43.80952381
44.765714286
45.884444444
46.883809524
47.907936508
48.81015873
49.784693878
50.766848073
51.824036281
52.84877551
53.779274376
54.803446712
55.919455782
56.839546485
57.784217687
58.743582766
59.708662132
60.680022676
61.664943311
62.752653061
63.665306122
