0.446621315
1.523265306
2.466530612
3.437142857
4.42
5.448163265
6.44244898
7.460136054
8.453061224
9.485714286
10.524897959
11.47755102
12.431746032
13.455328798
14.486621315
15.459863946
16.574195011
17.503492063
18.474603175
19.464489796
20.445283447
21.461746032
22.493514739
23.502585034
24.519183673
25.455238095
26.506666667
27.478639456
28.489410431
29.506394558
30.494399093
31.469206349
32.476190476
33.476825397
34.477868481
35.461609977
36.50031746
37.497142857
38.468571429
39.457777778
