0.481632653
1.31755102
2.128253968
3.075736961
4.062040816
4.968707483
5.675102041
6.608185941
7.547528345
8.46893424
9.232108844
10.093424036
11.028027211
11.829115646
12.558367347
13.463945578
14.384761905
15.294693878
16.132244898
16.963265306
17.807346939
18.672653061
19.570181406
20.491609977
21.400816327
22.273446712
23.149387755
24.004897959
24.876417234
25.762539683
26.49106576
27.313922902
28.215510204
29.058979592
29.959047619
30.816507937
31.760816327
32.607619048
33.497142857
34.400362812
