0.215510204
1.133854875
2.172517007
3.180408163
4.136054422
5.195873016
6.201904762
7.15755102
8.17414966
9.175510204
10.211179138
11.208707483
12.160430839
13.231020408
14.209365079
15.194444444
16.254693878
17.229954649
18.215306122
19.157460317
20.171133787
21.161360544
22.175782313
23.174965986
24.205487528
25.182040816
26.168163265
27.16106576
28.153469388
29.144920635
30.159342404
31.122721088
32.147120181
33.182040816
34.135510204
35.202176871
36.196598639
37.174421769
38.10829932
39.159727891
40.206802721
41.211519274
42.196462585
43.162517007
44.16
45.171519274
46.171428571
47.166984127
