0.525714286
1.52
2.488163265
3.549387755
4.50122449
5.523265306
6.469569161
7.495510204
8.468571429
9.452222222
10.393469388
11.382857143
12.365714286
13.350204082
14.306938776
15.361632653
16.850612245
17.830816327
18.788571429
19.761632653
20.764444444
21.763265306
22.736938776
23.785306122
25.479365079
26.521904762
27.425306122
28.431020408
29.495510204
30.52569161
31.635918367
32.702040816
34.075283447
35.155918367
36.284807256
37.506031746
38.546938776
39.614693878
40.737006803
41.867755102
43.093877551
44.227301587
45.332063492
46.550204082
47.611428571
48.699863946
49.896054422
51.04
