0.679954649
1.523265306
2.388571429
3.192743764
4.03106576
4.855510204
5.728979592
6.619591837
7.514285714
8.368979592
9.213877551
10.073015873
10.924920635
11.765714286
12.628571429
13.504399093
14.422222222
15.307142857
16.095238095
16.923356009
17.804988662
18.640362812
19.61138322
20.440340136
21.213605442
22.055328798
22.93430839
23.772154195
24.642176871
25.51292517
26.236371882
27.101315193
27.983673469
28.817414966
29.657687075
30.534240363
31.273650794
32.147641723
33.044897959
33.886621315
34.718956916
35.568163265
36.417959184
37.224489796
38.08244898
38.916734694
39.716734694
40.558367347
41.4
42.239455782
43.079365079
43.871201814
44.712018141
45.525623583
46.378231293
47.212244898
