0.493424036
1.493333333
2.451156463
3.490249433
4.50031746
5.482811791
6.505941043
7.514557823
8.497052154
9.521632653
10.514285714
11.54031746
12.506848073
13.500952381
14.521179138
15.536553288
16.492108844
17.491882086
18.470022676
19.523628118
20.474331066
21.514739229
22.465306122
23.675283447
24.449886621
25.470612245
26.443469388
27.514195011
28.489433107
29.474829932
30.442811791
31.455238095
32.556190476
33.617959184
34.50122449
35.488435374
36.53877551
37.472653061
38.483446712
39.484081633
40.502494331
41.522902494
42.508843537
43.532426304
44.471292517
45.495510204
46.520272109
47.494965986
48.519546485
49.498412698
50.507029478
51.505487528
52.51047619
53.540136054
54.489977324
55.509478458
56.527755102
57.497052154
58.472244898
59.486077098
60.487528345
61.459410431
62.410430839
63.503854875
