0.230385488
1.18984127
2.171428571
3.18984127
4.152018141
5.096780045
6.119818594
7.114013605
8.643628118
9.552108844
10.561269841
11.531428571
12.544761905
13.478095238
14.565079365
15.528571429
16.416507937
17.330566893
18.264852608
19.209070295
20.302947846
21.271020408
22.236734694
23.270204082
24.142040816
25.080702948
26.052426304
26.96
28.044081633
28.994285714
30.016326531
30.965600907
31.833469388
32.782040816
33.758367347
34.755918367
35.652244898
36.594285714
37.546122449
38.524081633
39.457959184
40.388435374
41.364807256
42.336507937
43.274920635
44.186666667
45.188571429
46.208253968
