0.338571429
0.818367347
1.325351474
1.820952381
2.323809524
2.824126984
3.317551020
3.822585034
4.313106576
4.812335601
5.302857143
5.768412698
6.286802721
6.754104308
7.256235828
7.755464853
8.248888889
8.739410431
9.206712018
9.711746032
10.208072562
10.704399093
11.186213152
11.688344671
12.170158730
12.673922902
13.170226757
13.664353741
14.136213152
14.624036281
15.136575964
15.604081633
16.092721088
16.581224490
17.080816327
17.557551020
18.057142857
18.557823129
19.051247166
19.538684807
20.022154195
20.516825397
21.003219955
21.497369615
21.997278912
22.476190476
22.963038549
23.453809524
23.919659864
24.450612245
24.973061224
25.430204082
25.922176871
26.400317460
26.887165533
27.378911565
27.859773243
28.360272109
28.852244898
29.335510204
29.823129252
30.328163265
30.800136054
31.287142857
31.782267574
32.265532880
32.762562358
33.239433107
33.745850340
34.237823129
34.738503401
35.230476190
35.718095238
36.205714286
36.702040816
37.185306122
37.690340136
38.195374150
38.678639456
39.166258503
39.684353741
40.154557823
40.637823129
41.133650794
41.619229025
42.114625850
42.597256236
43.070612245
43.589659864
44.071564626
44.573605442
45.078639456
45.557551020
46.021360544
46.536689342
47.011700680
47.512380952
47.983242630
48.498458050
48.962018141
49.436825397
49.963537415
50.431632653
50.934285714
51.402154195
51.900952381
52.397278912
52.863129252
53.355102041
53.860136054
54.352108844
54.831020408
55.318684807
55.823673469
56.289523810
56.790204082
57.295238095