0.149841270
1.226666667
2.046984127
2.713061224
3.428571429
4.141859410
4.838095238
5.469024943
6.125714286
6.849523810
7.501043084
8.169002268
8.835555556
9.518730159
10.158775510
10.859138322
11.487346939
12.169251701
12.819841270
13.488616780
14.172879819
14.847437642
15.519637188
16.166848073
16.850997732
17.548571429
18.217732426
18.863945578
19.541043084
20.174013605
20.836281179
21.474829932
22.164172336
22.834739229
23.479342404
24.139614512
24.809070295
25.441678005
26.123605442
26.786394558
27.435827664
28.079659864
28.716553288
29.384285714
30.048072562
30.681904762
31.346938776
31.991700680
32.660317460
33.355986395
33.959183673
34.615374150
35.278231293
35.915102041
36.604081633
37.266303855
37.913469388
38.582857143
39.232403628
39.895510204
40.557210884
41.211428571
41.823990930
42.498208617