0.039909297
0.615328798
1.219047619
1.718276644
2.252335601
2.751564626
3.239183673
3.773242630
4.272471655
4.771700680
5.270929705
5.781768707
6.257777778
6.768616780
7.279455782
7.778684807
8.266303855
8.777142857
9.276371882
9.787210884
10.274829932
10.774058957
11.273287982
11.795736961
12.294965986
12.794195011
13.281814059
13.815873016
14.315102041
14.802721088
15.325170068
15.824399093
16.322811791
16.866485261
17.347845805
17.849931973
18.336122449
18.829274376
19.336734694
19.879297052
20.382857143
20.863424036
21.370385488
21.868616780
22.415759637
22.916099773
23.416281179
23.918707483
24.413673469
24.932517007
25.469410431
25.968616780
26.481224490
26.981700680
27.516303855
28.021360544
28.518843537
29.001247166
29.511519274
30.033582766
30.538344671
30.998707483
31.537346939
32.036099773
32.554376417
33.066553288
33.593492063
34.107188209
34.636666667
35.155419501
35.669682540
36.168707483
36.688435374
37.181836735
37.688390023
38.218095238
38.721655329
39.202086168
39.693242630
40.188480726
40.728548753
41.273469388
41.753514739
42.248548753
42.787709751
43.284512472
43.788662132
44.299365079
44.845238095
45.317619048
45.854512472
46.354195011
46.850453515
47.379455782
47.851156463
48.351111111
48.849274376
49.359206349
49.897006803
50.409115646
50.915192744
51.447324263
51.925442177
52.418140590
52.983673469
53.471882086
53.989160998
54.493219955
55.007823129
55.499863946
56.008707483
56.501156463
57.006031746
57.520408163
58.029092971
58.530816327
59.015827664
59.525532880
60.042517007
60.552494331
61.069160998
61.545941043
62.063378685
62.584081633
63.097528345
63.605260771
64.100113379
64.613446712
65.148526077
65.632403628
66.176575964
66.661179138
67.201564626
67.719365079
68.251836735
68.769886621
69.298095238
69.783673469
70.286530612
70.790997732
71.302811791
71.829569161
72.321043084
72.801020408
73.300612245
73.795238095
74.301678005
74.829229025
75.341201814
75.853492063
76.350204082
76.829478458
77.348027211
77.881247166
78.370249433
78.857120181
79.389319728
79.874761905
80.381496599
80.864467120