0.650158730
1.158798186
1.655918367
2.129365079
2.629387755
3.112312925
3.600680272
4.087052154
4.628775510
5.096031746
5.617233560
6.116984127
6.614648526
7.125374150
7.628163265
8.136394558
8.685079365
9.200907029
9.717460317
10.214988662
10.717052154
11.245714286
11.756938776
12.244421769
12.729115646
13.257210884
13.772312925
14.265056689
14.780589569
15.297709751
15.795351474
16.300793651
16.803038549
17.337074830
17.852925170
18.344285714
18.862653061
19.363514739
19.863310658
20.352902494
20.849886621
21.364421769
21.878526077
22.401292517
22.913945578
23.422244898
23.911814059
24.439365079
24.947551020
25.456984127
25.972607710
26.490022676
27.008866213
27.480634921
27.993832200
28.500612245
29.012879819
29.527505669
30.038185941
30.562743764
31.085827664
31.577460317
32.092834467
32.600022676
33.118730159
33.632834467
34.116938776
34.635759637
35.147482993
35.648072562
36.160839002
36.661156463
37.175532880
37.667981859
38.170975057
38.676916100
39.188095238
39.699705215
40.193356009
40.696893424
41.187596372
41.700045351
42.198231293
42.711496599
43.215827664
43.744943311
44.259682540
44.794784580
45.262562358
45.777823129
46.273673469
46.785238095
47.284852608
47.784875283
48.316984127
48.793809524
49.307142857
49.813061224
50.327460317
50.797414966
51.313151927
51.829478458
52.338911565
52.845986395
53.362086168
53.896598639
54.377210884
54.892857143
55.403151927
55.920204082
56.430521542
56.967052154
57.450068027