0.583764172
1.143333333
1.728480726
2.275668934
2.859478458
3.427097506
3.985328798
4.541791383
5.074421769
5.638866213
6.214331066
6.726643991
7.279365079
7.806643991
8.380952381
8.906530612
9.490770975
10.054149660
10.613832200
11.143083900
11.692743764
12.231156463
12.776281179
13.293424036
13.808662132
14.365782313
14.875283447
15.412789116
15.922267574
16.424240363
16.926938776
17.479659864
18.032743764
18.533378685
19.059727891
19.608140590
20.112063492
20.655759637
21.172698413
21.695986395
22.257664399
22.779931973
23.341133787
23.859931973
24.364081633
24.884761905
25.416122449
25.954217687
26.493718821
27.051383220
27.595986395
28.124308390
28.613968254
29.099614512
29.619614512
30.193741497
30.724943311
31.259637188
31.808888889
32.356281179
32.881269841
33.392607710
33.944716553
34.476916100
35.033106576
35.591020408
36.116077098
36.629092971
37.175804989
37.722947846
38.233446712
38.774716553
39.305147392
39.815328798
40.340952381
40.905079365
41.405147392
41.944965986
42.475351474
43.006575964
43.508163265
44.029455782
44.602630385
45.140294785
45.661111111
46.197301587
46.694580499
47.237528345
47.757210884
48.256916100
48.793582766
49.354467120
49.872743764
50.405464853
50.921428571
51.454693878
51.958004535
52.508866213
53.008843537
53.558684807
54.079002268
54.572040816
55.105918367
55.645963719
56.167392290
56.688934240
57.210884354
57.724399093
58.262176871
58.793083900
59.310430839
59.846258503
60.374988662
60.909614512
61.473945578
62.013219955
62.540589569
63.076870748
63.630362812
64.159659864
64.675532880
65.206099773
65.723219955
66.293287982
66.807165533
67.357482993
67.879410431
68.390204082
68.912176871