0.215238095
0.892653061
1.419818594
2.020136054
2.554195011
3.123083900
3.715192744
4.249977324
4.774013605
5.296009070
5.789954649
6.339047619
6.864829932
7.430385488
7.912290249
8.450816327
8.983832200
9.481632653
10.012698413
10.576689342
11.099138322
11.644807256
12.190476190
12.712925170
13.194263039
13.711383220
14.196575964
14.742675737
15.252857143
15.806417234
16.335238095
16.857687075
17.391746032
17.901088435
18.435419501
18.975328798
19.477052154
20.009795918
20.516825397
21.028367347
21.551655329
22.110975057
22.610294785
23.129886621
23.631972789
24.146598639
24.664648526
25.181791383
25.730249433
26.225623583
26.773151927
27.260839002
27.806553288
28.313718821
28.845396825
29.368684807
29.862789116
30.361700680
30.913650794
31.422743764
31.975079365
32.479977324
32.963242630
33.501315193
33.996213152
34.538458050
35.062131519
35.564285714
36.097505669
36.643605442
37.148208617
37.681995465
38.193764172
38.715555556
39.233492063
39.732108844
40.249637188
40.785691610
41.295396825
41.822789116
42.333605442
42.827414966
43.348163265
43.850929705
44.342585034
44.861088435
45.388979592
45.903038549
46.414058957
46.919115646
47.430634921
47.954557823
48.443469388
48.961315193
49.481020408
50.016485261
50.496371882
51.031269841
51.565555556
52.091927438
52.573832200
53.101133787
53.622018141
54.131746032
54.635623583
55.142698413
55.664988662
56.159954649
56.686485261
57.197256236
57.678526077
58.218276644
58.699637188
59.232131519
59.753106576
60.244285714
60.770725624
61.296235828
61.783764172
62.307619048
62.801224490
63.313786848
63.798140590
64.305351474
64.830997732
65.326394558
65.830090703
66.347074830
66.876462585
67.383310658
67.895873016
68.417052154
68.913514739
69.447346939
69.951519274
70.463242630
70.929818594
71.464126984
71.967120181
72.460997732
72.983151927
73.484512472
73.989841270
74.504285714
74.997346939
75.515442177
75.997868481
76.513424036
77.021065760
77.541632653
78.040362812
78.541088435
79.031383220
79.546439909
80.045986395
80.535328798
81.045056689
81.545238095
82.042675737
82.510975057