0.995555556
1.729138322
2.411678005
3.110158730
3.795011338
4.476598639
5.137142857
5.825487528
6.513197279
7.227210884
7.892335601
8.549251701
9.235736961
9.861496599
10.561473923
11.181564626
11.923854875
12.625079365
13.305034014
13.981201814
14.658775510
15.346031746
16.027505669
16.732857143
17.410204082
18.081587302
18.780340136
19.430839002
20.126303855
20.810702948
21.465079365
22.126190476
22.799115646
23.519954649
24.229773243
24.896145125
25.561768707
26.277913832
26.953877551
27.609637188
28.294716553
28.972335601
29.659002268
30.329659864
31.027392290
31.698412698
32.393900227
33.054875283
33.762993197
34.459183673
35.126984127
35.795215420
36.458888889
37.137142857
37.794285714
38.487868481
39.194943311
39.854399093
40.578163265
41.251519274
41.930158730
42.614580499
43.333356009
43.987346939
44.705374150
45.410929705
46.125283447
46.824693878
47.503628118
48.179070295
48.899591837
49.579682540
50.243718821
50.912811791
51.597165533
52.279682540
53.007959184
53.675895692
54.349773243
55.010158730
55.755260771