0.191564626
0.751020408
1.280000000
1.707755102
2.216961451
2.666530612
3.132335601
3.584648526
4.053560091
4.549591837
5.013786848
5.434557823
5.921587302
6.390657596
6.860816327
7.287392290
7.754875283
8.188027211
8.655963719
9.130408163
9.604875283
10.065918367
10.538616780
10.965056689
11.415464853
11.864988662
12.330249433
12.782789116
13.260566893
13.717505669
14.206870748
14.636734694
15.067460317
15.535011338
16.002335601
16.469659864
16.928911565
17.385646259
17.872222222
18.300181406
18.768752834
19.220340136
19.691292517
20.147936508
20.572176871
21.028662132
21.512494331
21.948775510
22.393628118
22.852426304
23.333628118
23.776666667
24.272086168
24.735873016
25.188299320
25.652562358
26.083673469
26.547800454
26.996938776
27.444285714
27.916394558
28.388344671
28.816870748
29.324920635
29.776167800