0.278639456
1.308730159
2.119183673
2.915555556
3.535238095
4.125170068
4.678458050
5.231020408
5.835102041
6.376417234
6.942040816
7.542857143
8.088163265
8.636734694
9.136326531
9.769795918
10.337959184
10.906122449
11.454693878
11.970612245
12.489795918
13.039455782
13.550068027
14.117324263
14.691723356
15.205782313
15.764648526
16.314308390
16.860589569
17.441088435
17.925442177
18.477709751
19.034580499
19.566462585
20.135464853
20.669387755
21.198367347
21.703605442
22.264512472
22.790340136
23.345918367
23.875918367
24.433378685
24.946167800
25.466689342
26.001927438
26.563696145
27.097029478
27.633310658
28.164036281
28.716870748
29.234444444
29.803242630
30.310317460
30.863673469
31.407891156
31.949773243
32.482743764
33.002743764
33.548117914
34.085963719
34.616258503
35.154807256
35.697823129
36.194013605
36.768843537
37.289795918
37.824897959
38.334308390
38.874557823
39.397006803
39.923809524
40.446258503
40.994829932
41.478095238
42.052789116
42.641678005
43.136870748
43.648820862
44.139160998
44.655646259
45.204739229
45.726439909
46.234829932
46.817278912
47.329773243
47.869206349
48.407800454
48.920000000
49.464308390
49.971723356
50.508707483
51.041791383
51.571587302
52.119478458
52.675782313
53.168185941
53.682630385
54.243265306
54.765714286
55.331700680
55.854149660
56.394013605
56.894693878
57.451972789
57.965714286
58.492517007
59.019319728
59.559183673
60.077278912
60.617142857
61.130884354
61.639773243
62.162426304
62.699614512
63.214217687
63.764897959
64.287346939
64.831564626
65.362721088
65.857959184
66.357551020
66.909387755
67.454693878
67.974331066
68.464308390
69.012244898
69.534693878
70.083265306
70.569818594
71.117120181
71.618888889