0.079818594
0.885600907
1.581859410
2.318367347
3.059229025
3.837324263
4.522585034
5.258911565
6.131519274
6.880385488
7.586031746
8.317755102
9.055782313
9.872108844
10.626757370
11.287074830
12.019954649
12.716553288
13.529251701
14.334693878
15.063945578
15.814965986
16.572448980
17.344399093
18.057142857
18.829931973
19.584580499
20.357369615
21.075736961
21.855782313
22.559705215
23.299773243
24.047165533
24.758276644
25.523809524
26.295079365
27.025306122
27.806984127
28.564104308
29.329705215
30.056712018
30.835374150
31.579138322
32.341043084
33.063038549
33.814058957
34.540657596
35.297959184
36.045351474
36.829024943
37.540861678
38.331065760
39.067573696
39.833106576
40.584126984
41.320634921
42.057709751
42.793650794
43.577324263
44.310204082
45.079365079
45.789795918
46.551950113
47.346938776
48.069682540
48.806938776
49.560589569
50.326349206
51.073015873
51.816780045
52.565986395
53.319319728