0.751020408
1.497936508
2.173265306
2.905736961
3.621700680
4.316825397
4.994331066
5.670657596
6.345714286
7.005532880
7.705600907
8.400249433
9.032834467
9.751972789
10.433809524
11.121632653
11.787755102
12.493265306
13.178775510
13.864965986
14.530136054
15.199024943
15.869387755
16.535510204
17.219070295
17.933061224
18.586122449
19.239206349
19.921972789
20.599795918
21.244081633
21.955918367
22.613197279
23.310136054
24.014376417
24.717324263
25.395011338
26.049501134
26.748548753
27.420884354
28.081859410
28.767732426
29.443877551
30.171428571
30.815804989
31.491836735
32.170566893
32.892517007
33.571723356
34.270498866
34.938707483
35.658163265
36.303537415
37.002653061
37.682743764
38.384535147
39.059977324
39.723356009
40.423333333
41.114739229
41.788072562
42.471473923
43.115759637
43.798140590
44.498480726
45.198730159
45.887573696
46.604988662
47.267777778
47.949206349
48.632721088
49.287437642
49.987505669
50.650453515
51.349682540
52.014557823
52.699365079
53.362970522
54.035804989
54.714467120
55.415873016