0.043537415
0.664671202
1.323537415
1.986031746
2.641269841
3.337142857
4.022857143
4.660589569
5.317392290
5.978412698
6.612993197
7.251927438
7.898775510
8.509387755
9.132698413
9.803174603
10.514285714
11.159365079
11.790068027
12.474920635
13.076258503
13.724444444
14.381972789
15.040929705
15.677460317
16.355555556
16.998049887
17.642448980
18.240000000
18.913015873
19.560136054
20.235691610
20.888888889
21.554285714
22.193514739
22.857142857
23.476825397
24.146916100
24.825396825
25.476485261
26.102857143
26.756122449
27.403174603
28.050793651
28.634920635
29.297777778
29.904761905
30.542222222
31.193424036
31.842539683
32.521632653
33.150884354
33.789342404
34.441473923
35.078095238
35.733333333
36.386031746
37.026031746
37.699047619
38.344126984
38.956190476
39.636825397
40.253968254
40.909206349
41.627936508
42.278095238
42.895238095
43.601269841
44.215011338
44.845351474
45.473786848
46.127732426
46.798730159
47.469206349
48.110657596
48.740158730
49.353650794
50.008888889
50.649251701
51.286802721
51.987301587