0.431020408
1.013922902
1.590000000
2.122380952
2.747210884
3.332698413
3.927301587
4.523537415
5.098662132
5.655510204
6.234557823
6.796190476
7.392653061
7.958639456
8.572517007
9.195102041
9.747936508
10.374965986
10.928276644
11.520839002
12.102653061
12.682811791
13.297482993
13.901496599
14.484671202
15.059591837
15.633560091
16.187369615
16.766258503
17.337414966
17.895328798
18.484353741
19.067755102
19.649092971
20.236848073
20.818843537
21.385578231
21.947868481
22.534965986
23.097619048
23.668843537
24.236417234
24.800000000
25.368185941
25.949954649
26.508752834
27.088163265
27.651315193
28.219206349
28.836009070
29.431292517
30.049523810
30.654693878
31.198911565
31.781882086
32.354557823
32.933401361
33.513356009
34.078752834
34.712380952
35.275941043
35.838616780
36.466938776
37.024217687
37.572789116
38.145804989
38.703015873
39.280430839
39.877414966
40.452199546
40.999183673
41.582585034
42.167913832
42.753741497
43.299795918
43.894421769
44.484716553
45.051609977
45.622040816
46.223673469
46.841904762