0.108843537
0.613151927
1.127619048
1.628299320
2.099002268
2.572675737
3.093015873
3.573469388
4.054761905
4.523673469
5.028140590
5.522970522
6.034943311
6.546485261
7.041020408
7.531972789
8.039909297
8.487482993
8.990000000
9.471156463
9.958344671
10.433310658
10.931859410
11.406870748
11.898843537
12.394807256
12.855736961
13.339092971
13.845170068
14.319569161
14.821496599
15.297301587
15.815351474
16.320476190
16.851791383
17.360340136
17.848730159
18.318458050
18.786122449
19.267755102
19.751360544
20.266462585
20.743514739
21.249954649
21.736167800
22.215283447
22.731179138
23.228616780
23.718934240
24.156054422
24.699705215
25.222222222
25.752380952
26.245804989
26.768253968
27.239909297
27.733333333
28.212244898
28.741950113
29.213605442
29.699773243
30.247619048
30.693877551
31.207256236
31.687981859
32.136780045
32.631519274
33.089274376
33.585850340
34.081950113
34.557868481
35.050634921
35.569455782
36.059863946
36.593197279
37.108390023
37.590929705
38.138775510
38.599546485
39.078458050
39.575510204
40.076190476
40.551473923
41.041269841
41.549206349
42.046258503
42.561451247
43.047619048
43.519274376
43.984693878
44.509750567
45.003174603
45.474829932
45.990702948
46.505215420
46.976870748
47.477551020
47.974603175
48.453514739
48.957823129
49.447619048
49.892902494
50.408027211
50.886213152
51.376825397
51.856371882
52.348888889
52.844943311
53.414603175
53.892063492
54.400000000
54.892698413
55.365079365