0.095782313
0.616848073
1.105850340
1.645714286
2.168163265
2.708027211
3.214308390
3.752902494
4.275374150
4.812176871
5.343628118
5.820952381
6.366281179
6.878911565
7.436190476
7.989115646
8.483333333
8.990476190
9.532426304
10.034217687
10.583537415
11.117596372
11.620136054
12.146938776
12.676167800
13.188843537
13.716938776
14.232471655
14.767278912
15.294557823
15.833151927
16.367482993
16.851655329
17.411632653
17.947324263
18.445895692
18.985147392
19.502426304
20.017619048
20.562721088
21.077278912
21.621836735
22.113514739
22.642199546
23.168163265
23.686848073
24.221201814
24.754036281
25.247392290
25.783537415
26.296802721
26.813854875
27.339183673
27.859455782
28.374467120
28.930612245
29.461768707
29.979863946
30.497301587
30.985578231
31.508027211
32.013061224
32.539863946
33.092789116