2.484535147
3.831292517
4.818140590
5.553333333
6.304875283
7.017256236
7.722108844
8.386643991
9.060294785
9.728027211
10.385804989
10.998185941
11.670929705
12.315283447
12.907392290
13.522721088
14.176213152
14.790680272
15.358458050
15.947755102
16.565986395
17.162448980
17.750204082
18.308208617
18.930068027
19.517823129
20.075192744
20.664376417
21.270000000
21.854489796
22.387619048
22.932471655
23.519002268
24.055283447
24.631065760
25.198072562
25.721927438
26.287233560
26.837868481
27.370476190
27.910952381
28.474739229
29.045192744
29.574875283
30.105419501
30.639750567
31.168072562
31.702607710
32.238684807
32.754172336
33.286757370
33.839229025
34.353922902
34.874671202
35.430748299
35.932879819
36.443718821
36.935850340
37.511836735
38.077823129
38.548027211
39.053492063
39.586916100
40.101655329
40.627891156