0.111020408
0.960000000
1.764421769
2.408435374
3.044920635
3.713151927
4.338684807
4.959138322
5.609115646
6.258594104
6.849523810
7.442857143
8.045714286
8.665396825
9.259682540
9.856507937
10.514285714
11.108571429
11.726462585
12.330725624
12.929047619
13.513650794
14.151111111
14.769841270
15.364965986
15.984761905
16.552154195
17.188571429
17.787936508
18.381337868
18.999365079
19.573333333
20.190476190
20.800000000
21.423424036
22.045124717
22.638730159
23.243174603
23.850158730
24.462222222
25.075328798
25.701587302
26.278231293
26.921473923
27.537777778
28.162448980
28.733968254
29.331700680
29.978412698
30.577777778
31.197460317
31.794285714
32.391836735
33.018775510
33.642811791
34.266848073
34.870566893
35.486145125
36.103786848
36.678820862
37.270929705
37.912448980
38.517414966
39.127165533