0.035555556
0.506371882
1.026757370
1.505668934
1.975510204
2.443537415
2.976757370
3.450839002
3.914285714
4.402108844
4.908843537
5.347074830
5.829138322
6.315827664
6.795555556
7.267845805
7.760544218
8.251791383
8.739160998
9.208344671
9.673151927
10.188140590
10.657913832
11.139773243
11.617052154
12.114285714
12.558412698
13.053968254
13.533514739
14.023650794
14.488253968
14.969024943
15.466190476
15.977619048
16.450612245
16.939682540
17.375782313
17.874285714
18.324421769
18.811111111
19.283605442
19.787755102
20.266666667
20.702040816
21.213605442
21.681632653
22.193197279
22.661224490
23.126099773
23.609160998
24.080770975
24.570770975
25.039183673
25.528253968
25.990861678
26.479387755
26.940952381
27.414376417
27.896734694
28.371179138
28.857210884
29.320385488
29.789931973
30.269387755
30.748299320
31.219954649
31.724263039
32.192290249
32.653061224
33.131972789
33.607256236
34.068027211
34.525170068
34.985941043
35.479365079
35.935442177
36.417845805
36.908843537
37.384126984
37.848526077
38.314943311
38.786077098
39.262494331
39.734943311
40.222358277
40.688594104
41.174444444
41.638208617
42.104897959
42.595986395
43.037278912
43.550839002
44.017120181
44.471972789
44.951247166
45.434126984
45.927573696
46.394920635
46.857142857
47.365079365
47.796825397
48.293877551
48.772947846
49.250000000
49.718979592
50.167619048
50.658458050
51.122743764
51.591088435
52.064603175
52.564172336
53.014058957
53.484716553
53.942857143
54.424988662
54.887369615
55.366235828
55.836394558
56.317437642
56.784920635
57.250498866
57.754421769
58.238798186
58.686031746
59.157823129
59.631746032
60.117913832
60.591383220
61.084126984
61.540136054