0.050793651
0.530793651
0.998639456
1.440907029
1.912675737
2.374625850
2.874920635
3.299047619
3.779410431
4.215102041
4.704535147
5.165714286
5.592380952
6.050249433
6.523401361
6.969863946
7.426961451
7.895215420
8.366734694
8.822108844
9.282358277
9.733333333
10.183310658
10.641496599
11.093492063
11.559365079
12.005034014
12.492335601
12.940907029
13.376621315
13.836666667
14.302471655
14.749455782
15.206009070
15.660634921
16.099523810
16.582743764
17.057210884
17.500907029
17.966281179
18.416916100
18.860997732
19.333741497
19.811043084
20.252857143
20.735056689
21.194965986
21.648231293
22.102970522
22.563287982
23.038979592
23.496961451
23.931950113
24.407755102
24.870566893
25.345510204
25.800997732
26.229342404
26.702222222
27.187664399
27.647392290
28.102131519
28.563560091
29.023061224