0.197369615
0.910634921
1.569818594
2.194512472
2.885079365
3.518163265
4.150566893
4.812335601
5.475238095
6.157256236
6.787528345
7.409705215
8.070521542
8.748117914
9.370929705
9.990816327
10.675374150
11.320498866
11.977596372
12.623015873
13.310839002
13.969614512
14.598231293
15.249319728
15.963718821
16.613877551
17.298866213
17.925804989
18.607460317
19.261337868
19.907482993
20.575056689
21.228843537
21.908934240
22.592131519
23.289614512
23.974603175
24.668503401
25.308594104
25.965714286
26.645464853
27.328458050
27.991655329
28.640770975
29.307573696
30.005986395
30.666712018
31.305691610
31.994172336
32.655555556
33.330725624
33.991768707
34.704013605
35.375600907
36.028820862
36.720294785
37.404126984
38.092176871
38.752630385
39.419138322
40.087619048
40.739183673
41.384421769
42.069977324
42.762494331
43.432925170
44.123718821
44.780317460
45.469841270
46.154580499
46.892698413
47.548299320
48.236848073
48.906848073
49.619501134
50.287959184
50.979319728
51.649863946
52.302993197
52.999546485
53.691451247
54.375328798
55.042902494