0.772925170
1.249002268
1.752766440
2.266689342
2.780249433
3.284421769
3.767551020
4.297414966
4.818253968
5.332698413
5.828571429
6.366802721
6.885238095
7.395918367
7.918185941
8.433696145
8.969750567
9.484285714
9.981405896
10.513809524
10.993786848
11.493786848
11.970294785
12.486621315
13.000997732
13.517619048
14.030725624
14.539319728
15.053786848
15.596213152
16.106984127
16.601950113
17.102448980
17.637619048
18.157120181
18.665782313
19.176780045
19.717777778
20.194535147
20.721791383
21.217641723
21.742267574
22.234625850
22.773854875
23.274580499
23.785782313
24.283809524
24.802879819
25.313809524
25.881746032
26.349909297
26.867165533
27.366870748
27.907052154
28.398979592
28.915827664
29.434920635
29.966122449
30.455306122
30.934195011
31.454399093
31.995374150
32.536984127
33.019365079
33.536371882
34.071111111
34.587755102
35.086689342
35.604807256
36.112267574
36.649455782
37.175759637
37.667324263
38.202562358
38.687278912
39.206417234
39.718594104
40.257460317
40.770680272
41.267573696
41.804081633
42.300113379
42.837800454
43.371133787
43.886553288
44.387641723
44.904444444
45.433990930
45.953401361
46.448367347
46.964172336
47.467369615
48.001360544
48.517210884
49.039342404
49.569387755
50.070136054
50.588934240
51.083968254
51.599183673
52.100748299
52.595487528
53.099433107
53.614512472
54.157800454
54.650952381
55.169229025
55.666394558
56.168072562
56.723673469
57.224126984
57.759115646
58.262358277
58.749931973
59.248095238
59.772698413
60.314444444
60.813560091
61.316938776
61.817006803
62.333650794
62.858526077
63.351473923
63.849954649
64.390997732
64.868548753
65.386825397
65.900975057
66.432358277
66.968253968
67.501950113
68.044761905
68.516145125
69.051972789
69.569954649
70.093877551
70.616961451
71.137868481
71.636575964
72.151678005
72.648911565
73.172857143
73.668820862
74.189501134
74.720158730
75.217074830
75.756281179
76.288934240
76.780929705
77.322086168
77.838049887
78.348458050
78.865215420
79.384195011
79.884784580