0.767120181
1.953151927
2.958367347
3.835691610
4.602993197
5.330566893
6.035464853
6.700113379
7.361201814
8.080816327
8.737891156
9.383900227
10.022494331
10.669659864
11.333287982
11.991768707
12.604535147
13.235623583
13.882539683
14.530975057
15.196825397
15.836938776
16.456371882
17.109342404
17.732063492
18.330136054
18.919523810
19.519977324
20.186689342
20.851859410
21.471156463
22.098344671
22.700385488
23.339637188
23.935510204
24.576621315
25.233968254
25.852698413
26.483628118
27.100294785
27.673219955
28.265555556
28.864829932
29.418299320
30.019614512
30.616507937
31.233265306
31.820997732
32.437074830
33.051655329
33.649115646
34.307845805
34.932630385
35.567460317
36.169637188
36.789387755
37.365646259
37.937029478
38.552448980
39.114195011
39.701632653
40.281882086
40.921201814
41.506598639
42.083378685
42.697233560
43.383310658
44.024603175
44.617097506
45.299183673
45.917165533
46.517687075
47.117981859
47.737505669
48.381564626
49.002154195
49.584512472
50.189863946
50.830793651
51.433106576
52.033673469
52.653968254
53.259591837
53.838321995
54.463560091
55.037573696
55.671564626
56.266870748
56.846303855
57.444875283
58.067097506
58.685283447
59.298480726
59.965374150
60.634535147
61.279047619
61.865510204
62.463718821
63.083945578
63.691405896
64.262335601
64.850498866
65.446371882
66.032040816
66.623310658
67.205918367
67.798820862
68.358027211
68.949931973
69.547641723
70.169501134
70.796689342
71.425056689
72.050113379
72.670634921
73.276439909
73.850975057
74.450408163
75.067868481
75.684376417
76.263628118
76.869501134
77.507732426
78.105804989
78.684104308
79.301972789
79.922902494
80.537619048
81.138639456
81.735374150
82.383424036
83.026122449
83.684308390
84.301632653
84.920136054
85.518594104
86.117913832
86.732879819
87.350861678
87.987369615
88.587052154
89.191836735
89.819455782
90.435850340
91.072086168
91.705691610
92.332902494
92.955918367
93.587233560
94.217981859
94.870816327
95.485986395
96.105804989
96.729863946
97.306122449
97.906938776
98.517777778
99.095464853
99.700226757