0.200272109
0.777868481
1.355056689
1.889523810
2.449705215
3.016077098
3.581972789
4.104126984
4.668253968
5.231587302
5.801791383
6.354081633
6.893424036
7.451950113
8.019591837
8.544943311
9.095691610
9.639183673
10.176145125
10.742131519
11.293605442
11.847981859
12.370090703
12.930884354
13.507551020
14.036825397
14.593015873
15.134852608
15.713015873
16.290249433
16.850249433
17.366349206
17.930158730
18.484467120
19.006984127
19.555555556
20.118979592
20.678775510
21.188571429
21.737142857
22.260317460
22.798730159
23.321904762
23.845079365
24.383492063
24.929523810
25.434920635
25.950476190
26.488888889
27.009523810
27.530158730
28.053333333
28.588276644
29.130158730
29.668571429
30.164285714
30.713854875
31.220317460
31.740952381
32.265578231
32.770612245
33.258231293
33.786916100
34.300952381
34.827913832