0.833015873
1.343786848
1.850907029
2.378276644
2.937324263
3.439455782
3.977936508
4.473469388
4.999183673
5.528163265
6.047346939
6.589387755
7.088979592
7.611791383
8.112743764
8.634920635
9.153741497
9.644036281
10.202267574
10.684807256
11.225396825
11.747845805
12.284807256
12.797029478
13.326077098
13.837641723
14.360090703
14.893424036
15.394104308
15.934693878
16.449886621
16.986848073
17.494784580
18.031746032
18.513537415
19.018344671
19.599092971
20.099773243
20.625850340
21.160272109
21.692517007
22.185941043
22.719274376
23.227210884
23.767800454
24.293877551
24.794557823
25.324263039
25.808321995
26.343764172
26.861882086
27.393900227
27.914739229
28.419047619
28.923764172
29.438548753
29.956349206
30.496780045
30.989637188
31.539229025
32.029637188
32.580498866
33.053174603
33.573492063
34.102222222
34.626734694
35.124308390
35.615374150
36.131269841
36.633809524
37.190770975
37.690657596
38.234965986
38.724807256
39.265532880
39.755034014
40.250770975
40.741020408
41.273605442
41.768095238
42.274308390
42.775056689
43.305487528
43.822154195
44.316122449
44.845374150
45.363741497
45.878775510
46.414671202
46.930884354
47.447414966
47.988752834
48.473424036
48.974648526
49.538321995
50.086167800
50.572335601
51.050566893
51.570068027
52.110657596
52.622222222
53.109546485