0.130612245
0.835918367
1.573877551
2.220408163
2.895419501
3.624489796
4.310204082
4.996802721
5.975510204
6.680816327
7.366530612
8.032653061
8.829387755
9.632653061
10.295691610
10.945079365
11.650861678
12.353015873
13.140045351
13.833514739
14.480204082
15.149818594
15.808231293
16.490612245
17.169160998
17.848866213
18.530770975
19.166666667
19.841451247
20.450975057
21.066303855
21.768707483
22.563990930
23.214149660
23.980408163
24.700226757
25.449795918
26.116643991
26.824852608
27.596916100
28.322539683
29.013877551
29.721541950
30.400725624
31.116167800
31.840657596
32.549229025
33.251972789
33.931859410
34.655782313
35.433650794
36.079569161
36.764580499
37.466190476
38.128775510
38.881814059
39.577981859
40.264353741
40.946938776
41.617482993
42.337981859
43.000702948
43.683922902
44.349478458
45.006077098
45.662040816
46.277369615
46.927528345
47.557460317
48.217210884
48.866394558
49.609909297
50.317165533
51.066054422