0.117551020
1.024036281
1.930476190
2.827324263
3.715918367
4.676281179
5.505487528
6.415691610
7.346689342
8.292517007
9.117528345
9.939591837
10.925714286
11.761632653
12.538775510
13.217959184
14.027755102
14.928979592
15.895510204
16.754331066
17.613061224
18.475102041
19.356258503
20.209319728
21.061224490
21.909954649
22.808526077
23.732244898
24.560317460
25.387981859
26.306825397
27.247664399
28.023265306
28.950204082
29.809931973
30.750861678
31.613356009
32.528979592
33.417142857
34.344489796
35.162517007
36.036190476
36.934535147
37.786349206
38.633514739
39.575510204
40.364036281
41.188571429
42.057142857
42.847346939
43.611428571
44.426666667
45.235918367
46.145306122
47.026938776
47.862426304
48.737959184
49.567346939
50.435419501
51.243877551
52.079705215
52.943605442
53.774535147
54.647823129
55.393514739
56.169795918
57.079070295
57.928526077
58.827755102
59.676031746
60.542471655
61.388548753