0.094331066
0.580498866
1.117460317
1.575260771
2.128208617
2.648979592
3.128163265
3.676734694
4.229251701
4.729206349
5.296326531
5.871020408
6.392471655
6.961632653
7.511473923
8.019591837
8.576507937
9.129750567
9.684897959
10.292244898
10.814693878
11.391405896
11.892244898
12.465668934
13.022040816
13.572698413
14.145804989
14.698798186
15.267233560
15.821700680
16.329614512
16.929954649
17.473219955
18.013514739
18.549455782
19.118253968
19.693582766
20.245623583
20.904489796
21.440362812
22.015351474
22.595918367
23.203265306
23.741360544
24.262743764
24.841904762
25.422403628
25.994852608
26.573061224
27.117619048
27.733265306
28.306303855
28.891428571
29.455102041
30.060408163
30.635102041
31.203265306
31.777959184
32.358639456
32.939342404
33.515102041
34.067437642
34.664489796
35.213061224
35.787755102