0.683537415
1.354013605
1.936734694
2.512108844
3.051972789
3.570068027
4.064671202
4.603356009
5.118390023
5.627845805
6.168639456
6.693877551
7.186938776
7.689795918
8.215510204
8.690907029
9.208684807
9.697460317
10.225623583
10.720000000
11.222857143
11.742040816
12.227324263
12.712902494
13.208344671
13.743786848
14.236734694
14.763333333
15.274376417
15.756916100
16.257596372
16.758276644
17.255328798
17.759637188
18.234920635
18.760997732
19.272562358
19.755102041
20.252154195
20.769523810
21.238843537
21.760000000
22.293333333
22.791836735
23.294693878
23.784036281
24.290612245
24.819591837
25.286213152
25.806530612
26.296643991
26.799047619
27.333877551
27.820408163
28.292630385
28.806530612
29.335510204
29.844897959
30.370612245
30.850612245
31.346938776
31.825827664
32.355918367
32.891428571
33.347256236
33.861224490
34.370612245
34.885079365
35.390113379
35.874829932
36.366077098
36.860748299
37.341383220
37.857959184
38.367346939
38.870204082
39.376326531
39.846734694
40.329795918
40.809092971
41.342040816
41.844897959
42.341224490
42.847346939
43.353469388
43.849795918
44.335986395
44.827709751
45.319433107
45.841814059
46.357551020
46.837573696
47.350204082
47.860521542
48.316734694
48.829387755
49.315918367
49.818775510
50.351020408
50.847006803
51.326009070
51.845079365
52.336848073
52.820907029
53.325895692
53.824195011
54.325442177
54.836530612
55.323378685
55.795192744
56.320000000
56.810158730
57.294920635
57.814058957
58.354648526
58.831746032
59.334603175
59.809727891
60.312766440
60.789160998
61.318049887
61.779002268
62.318367347
62.775510204
63.255464853
63.740952381
64.243877551
64.747233560
65.253650794
65.756394558