0.076190476
0.870770975
1.631519274
2.345578231
3.067913832
3.833265306
4.585600907
5.329569161
6.066145125
6.831451247
7.630702948
8.352857143
9.101836735
9.893242630
10.507029478
11.225396825
11.946666667
12.717641723
13.472630385
14.205600907
14.948571429
15.703832200
16.471700680
17.193650794
17.909841270
18.641269841
19.388594104
20.145555556
20.845714286
21.561904762
22.293333333
22.987755102
23.664761905
24.365714286
25.126485261
25.904761905
26.681904762
27.459047619
28.154920635
28.885986395
29.629455782
30.393378685
31.080634921
31.801904762
32.544195011
33.274467120
33.879365079
34.554920635
35.270000000
35.970839002
36.707210884
37.435011338
38.190068027
38.979047619
39.664761905
40.368684807
41.086984127
41.864126984
42.575238095
43.250793651
44.009841270
44.708571429
45.343492063
46.049523810
46.775873016
47.431111111
48.076190476
48.782222222
49.483174603
50.257460317