0.048253968
0.706031746
1.338775510
1.948571429
2.563514739
3.116553288
3.635328798
4.220498866
4.797619048
5.357006803
5.907845805
6.441723356
6.968843537
7.548594104
8.099342404
8.671995465
9.254240363
9.824081633
10.362380952
10.896870748
11.429659864
11.990317460
12.516258503
13.113968254
13.640748299
14.193650794
14.743038549
15.293265306
15.856666667
16.407891156
16.961587302
17.513605442
18.071972789
18.657052154
19.227460317
19.814557823
20.357981859
20.931224490
21.505691610
22.057278912
22.661564626
23.172176871
23.754353741
24.311428571
24.859455782
25.358208617
25.935895692
26.493764172
27.050022676
27.640816327
28.209773243
28.807641723
29.342267574
29.894580499
30.463469388
31.021564626
31.557913832
32.132857143
32.709478458
33.257528345
33.789818594
34.365328798
34.907573696
35.530158730
36.058412698
36.575487528
37.152040816
37.691315193
38.258458050
38.805941043
39.370861678
39.890839002
40.408276644
40.927188209
41.506575964
42.058979592
42.574126984
43.089365079
43.638548753
44.147528345
44.694217687
45.224739229
45.754965986
46.270770975
46.830907029
47.347142857
47.891632653
48.412993197
48.961746032
49.477233560
49.994081633
50.530544218
51.073628118
51.579637188
52.116712018
52.624535147
53.139931973
53.670793651
54.211723356
54.767369615
55.321587302
55.878526077
56.414988662
56.960000000
57.475396825
58.011587302
58.535986395
59.095623583
59.626757370
60.184580499
60.703786848
61.259659864
61.796689342
62.339047619
62.841904762
63.426031746
63.921088435
64.479841270
65.040226757
65.556031746
66.109659864
66.622199546
67.170249433
67.688072562
68.200634921
68.739002268
69.275691610
69.873877551