0.084897959
0.764897959
1.520385488
2.217301587
2.984489796
3.676734694
4.355918367
5.035102041
6.282448980
6.947913832
7.626394558
8.248072562
8.908775510
9.652244898
10.364081633
11.173877551
11.918367347
12.688979592
13.557551020
14.249795918
14.902857143
15.597188209
16.946938776
17.593469388
18.253061224
18.923219955
19.598367347
20.538775510
21.315918367
21.974557823
22.678299320
23.398956916
24.274285714
24.909229025
25.580408163
26.279183673
27.422040816
28.153469388
28.786938776
29.446530612
30.589387755
31.288163265
31.934693878
32.646757370
33.931247166
34.631519274
35.271541950
35.931950113
36.605056689
37.295260771
38.069591837
38.813877551
39.558435374
40.347437642
41.417142857
42.135510204
42.808163265
43.467755102
44.147936508
44.917551020
45.635918367
46.323809524
47.090068027
47.956145125
48.670770975
49.335419501
50.008594104
50.667664399
51.366190476
52.003265306
52.636734694
53.322448980