0.359909297
1.010068027
1.594489796
2.109183673
2.663129252
3.209750567
3.724149660
4.242335601
4.832653061
5.410249433
5.921088435
6.477641723
7.014739229
7.546712018
8.056961451
8.607346939
9.148662132
9.682721088
10.240000000
10.782040816
11.342108844
11.911836735
12.414058957
12.958752834
13.485714286
14.053877551
14.576326531
15.136009070
15.662040816
16.189886621
16.703401361
17.299591837
17.808979592
18.364081633
18.886530612
19.408979592
19.911224490
20.430136054
20.998276644
21.491496599
22.058956916
22.574625850
23.085419501
23.610975057
24.165714286
24.675079365
25.190657596
25.724603175
26.331428571
26.865487528
27.356734694
27.898775510
28.409614512
28.932063492
29.448140590
30.001632653
30.534240363
31.056689342
31.542857143
32.124807256
32.635646259
33.123265306
33.680544218
34.129863946