0.121904762
1.431972789
2.097074830
2.683605442
3.202766440
3.793083900
4.318390023
4.822471655
5.302857143
5.800634921
6.349206349
6.852063492
7.387142857
7.880317460
8.416961451
8.904217687
9.415328798
9.927482993
10.410589569
10.896575964
11.413333333
11.862471655
12.350770975
12.866462585
13.350816327
13.834535147
14.370090703
14.853922902
15.342517007
15.832471655
16.354081633
16.831587302
17.317460317
17.821927438
18.303741497
18.811700680
19.287891156
19.794285714
20.287800454
20.775578231
21.276643991
21.788752834
22.311927438
22.819954649
23.285873016
23.751020408
24.263605442
24.766145125
25.274376417
25.768185941
26.240000000
26.767482993
27.256712018
27.732244898
28.240181406
28.703718821
29.198344671
29.708299320
30.215396825
30.704263039
31.152607710
31.659433107
32.184603175
32.680634921
33.193650794
33.678208617
34.186167800
34.651995465
35.137006803
35.631904762
36.167392290
36.657505669
37.132834467
37.637687075
38.145895692
38.619931973
39.055238095
39.549546485
40.048163265
40.525555556
41.003310658
41.532199546
42.022290249
42.494897959
42.968480726
43.445873016
43.951746032
44.454603175
44.952743764
45.442517007
45.914671202
46.425419501
46.885895692
47.365623583
47.873945578
48.332517007
48.817777778
49.300158730
49.776485261
50.266689342
50.750158730
51.249977324
51.738276644
52.221814059
52.715351474
53.228934240
53.723922902
54.198435374
54.654399093
55.166099773
55.672947846
56.181133787
56.716190476
57.182857143
57.711360544
58.198185941
58.662675737
59.142267574
59.657369615
60.140181406
60.582789116
61.058208617
61.549115646
62.029478458
62.519251701
63.070680272
63.538367347
64.024603175