0.010884354
0.517619048
1.030385488
1.502040816
1.968503401
2.468571429
2.951836735
3.408117914
3.910884354
4.398820862
4.863628118
5.347777778
5.818072562
6.278911565
6.766213152
7.255510204
7.738775510
8.241632653
8.699183673
9.214693878
9.711020408
10.169863946
10.647346939
11.146780045
11.595056689
12.051519274
12.530680272
13.016757370
13.483061224
13.947505669
14.439637188
14.922448980
15.386122449
15.875918367
16.372244898
16.834784580
17.302766440
17.789387755
18.268027211
18.788571429
19.210816327
19.697029478
20.180952381
20.680226757
21.173741497
21.623197279
22.099591837
22.565306122
23.096598639
23.582766440
24.061678005
24.540589569
25.012244898
25.455374150
25.943990930
26.412879819
26.851315193
27.314761905
27.797619048
28.264557823
28.744693878
29.235374150
29.714331066
30.181315193
30.646394558
31.131836735
31.599047619
32.083174603
32.560090703
33.032358277
33.514603175
33.976757370
34.441655329
34.897460317
35.380544218
35.864081633
36.329002268
36.798390023
37.261632653
37.729614512
38.180362812
38.690249433
39.219954649
39.684353741
40.163265306
40.634920635
41.063038549
41.570975057
42.016621315
42.481065760
43.029478458
43.499387755
43.980045351
44.435011338
44.912698413
45.378798186
45.799297052
46.300204082
46.814399093
47.263424036
47.747664399
48.215578231
48.697664399
49.196167800
49.700362812
50.166780045
50.631496599
51.091156463
51.555555556
52.063492063
52.514308390
53.014058957
53.457165533
53.942834467
54.448435374
54.931791383
55.409070295
55.871405896
56.352403628
56.827755102
57.263197279
57.737346939
58.196326531
58.664807256
59.116507937
59.648140590
60.117369615
60.600975057
61.068480726