0.208979592
0.753038549
1.423106576
1.956077098
2.612244898
3.204353741
3.770272109
4.408934240
4.991156463
5.571609977
6.185873016
6.855827664
7.432970522
8.057210884
8.720000000
9.388321995
10.100680272
10.736303855
11.352857143
11.935215420
12.678095238
13.270204082
13.839251701
14.439433107
15.032267574
15.708299320
16.280340136
16.919115646
17.527437642
18.187505669
18.814240363
19.404648526
20.070181406
20.668276644
21.265396825
21.857641723
22.430884354
23.001995465
23.639591837
24.242244898
24.903401361
25.438299320
26.055170068
26.669727891
27.221043084
27.791859410
28.456054422
29.094603175
29.671519274
30.277437642
30.916054422
31.467482993
32.041972789
32.670476190
33.225464853
33.856281179
34.440612245
35.037959184
35.665986395
36.288594104
36.878480726
37.452290249
38.023083900
38.606507937
39.220113379
39.853219955
40.437732426
41.025487528
41.659954649
42.255714286
42.889410431
43.508820862
44.104263039
44.756462585
45.348571429
45.951609977
46.549092971
47.205578231
47.841768707
48.439160998
49.020975057
49.622721088
50.221950113
50.838616780
51.479410431
52.103083900
52.716712018
53.309342404
53.929863946
54.551451247
55.169682540
55.820770975
56.424965986
57.018979592
57.672585034
58.242040816
58.846303855
59.486643991
60.122925170
60.788956916
61.424149660
62.040612245
62.705759637
63.345736961
63.962494331
64.538911565
65.137913832
65.777097506
66.336485261
66.937165533
67.556802721
68.170272109
68.881995465
69.520544218
70.079070295
70.679138322
71.302902494
71.947029478
72.527528345
73.131020408
73.744943311
74.387142857
74.976009070
75.594739229
76.147369615
76.719138322
77.286258503
77.972607710