0.482562358
1.047981859
1.590566893
2.107210884
2.631836735
3.163718821
3.662947846
4.177664399
4.701655329
5.207074830
5.729523810
6.211224490
6.713469388
7.237437642
7.734013605
8.280816327
8.756825397
9.288344671
9.836553288
10.345623583
10.895963719
11.334240363
11.845079365
12.321088435
12.875464853
13.334058957
13.847800454
14.354195011
14.831746032
15.339682540
15.836009070
16.323628118
16.811791383
17.320566893
17.820544218
18.308321995
18.793650794
19.246439909
19.734058957
20.172335601
20.688979592
21.141768707
21.626485261
22.126054422
22.624943311
23.124784580
23.580952381
24.081995465
24.560907029
25.004988662
25.510566893
25.948299320
26.485736961
26.948571429
27.485555556
27.931428571
28.401632653
28.904489796
29.351836735
29.839795918
30.351723356
30.860408163
31.329274376
31.774693878
32.256326531
32.741224490
33.186712018
33.707755102
34.219818594
34.721836735
35.193809524
35.640816327
36.155079365
36.613877551
37.130113379
37.567346939
38.085804989
38.517551020
39.013877551
39.525827664
39.986485261
40.486530612
40.951383220
41.418548753
41.880816327
42.354285714
42.844081633
43.335192744
43.817687075
44.302063492
44.790748299
45.257346939
45.749795918
46.235170068
46.687346939
47.209773243
47.676734694