0.069659864
0.587755102
1.158095238
1.684897959
2.194285714
2.734149660
3.260952381
3.796462585
4.284081633
4.828299320
5.359455782
5.877551020
6.421768707
6.952925170
7.449251701
7.980408163
8.494149660
9.012244898
9.539047619
10.031020408
10.557823129
11.054149660
11.576598639
12.129523810
12.604081633
13.148299320
13.662040816
14.193197279
14.693877551
15.216326531
15.717006803
16.256870748
16.740136054
17.275646259
17.780680272
18.263945578
18.755918367
19.260952381
19.771791383
20.253605442
20.749931973
21.242630385
21.728798186
22.229478458
22.708390023
23.209070295
23.687981859
24.170521542
24.656689342
25.171882086
25.643537415
26.140589569
26.623129252
27.109297052
27.635374150
28.121541950
28.585941043
29.061224490
29.554648526
30.044444444
30.534240363
31.029433107
31.547210884
32.004353741
32.481814059