0.663945578
1.295238095
1.944671202
2.623129252
3.309818594
4.015759637
4.675827664
5.380498866
6.109750567
6.769410431
7.481179138
8.141859410
8.885260771
9.574603175
10.225714286
10.884353741
11.573696145
12.232222222
12.936848073
13.594557823
14.273015873
14.944557823
15.621496599
16.291655329
17.004988662
17.650113379
18.358185941
19.109297052
19.774603175
20.417528345
21.072585034
21.772335601
22.434285714
23.234467120
23.923809524
24.689342404
25.367800454
26.122448980
26.757369615
27.417687075
28.056235828
28.785487528
29.427664399
30.087981859
30.773696145
31.448526077
32.132630385
32.800566893
33.482698413
34.141292517
34.799773243
35.491746032
36.125170068
36.770975057
37.452176871
38.149659864
38.859818594
39.538253968
40.174149660
40.846145125
41.560090703
42.213151927
42.841791383
43.522902494
44.180589569
44.866734694
45.551496599
46.207709751
46.866575964
47.509591837
48.225306122
48.925170068
49.580544218
50.267346939
50.935147392