0.130612245
0.899795918
1.574603175
2.145306122
2.663038549
3.230839002
3.781292517
4.289365079
4.811088435
5.327619048
5.839727891
6.376530612
6.865963719
7.408276644
7.942176871
8.447596372
8.930181406
9.426802721
9.929750567
10.457709751
10.989138322
11.469138322
11.980113379
12.469841270
12.961088435
13.496802721
13.978253968
14.518163265
15.012902494
15.518707483
16.027868481
16.558480726
17.071020408
17.617346939
18.097755102
18.577528345
19.092244898
19.614285714
20.143809524
20.644875283
21.149931973
21.619501134
22.122857143
22.627913832
23.179614512
23.664376417
24.181020408
24.688276644
25.170476190
25.680589569
26.192267574
26.725668934
27.256417234
27.719773243
28.265283447
28.754988662
29.237755102
29.760249433
30.191882086
30.711678005
31.225102041
31.727823129
32.192222222
32.703832200
33.237369615
33.745011338
34.248730159
34.738027211
35.275578231
35.788662132
36.281201814
36.769024943
37.286167800
37.753832200
38.256893424
38.753582766
39.264399093
39.775555556
40.272108844
40.773718821
41.237687075
41.726734694
42.213786848
42.721927438
43.243809524
43.725963719
44.214172336
44.718117914
45.223333333
45.722222222
46.189569161
46.660136054
47.165691610
47.677687075
48.206802721
48.677460317
49.154988662
49.661587302
50.162131519
50.626439909
51.098253968
51.594829932
52.094104308
52.607074830
53.113877551
53.600158730
54.101541950
54.595555556
55.088616780
55.578503401
56.091292517
56.630929705
57.109727891
57.562743764