0.035918367
0.545306122
1.075668934
1.599501134
2.082653061
2.633786848
3.172108844
3.646916100
4.179002268
4.690430839
5.208662132
5.715578231
6.207551020
6.716643991
7.231405896
7.742426304
8.280362812
8.772199546
9.280521542
9.790476190
10.303560091
10.837392290
11.330680272
11.840997732
12.366984127
12.875306122
13.373424036
13.891814059
14.406031746
14.911224490
15.448208617
15.940000000
16.457392290
16.962653061
17.492312925
18.033356009
18.527619048
19.025827664
19.527573696
20.045079365
20.538752834
21.055555556
21.565736961
22.045374150
22.571609977
23.079546485
23.594761905
24.095170068
24.588095238
25.112018141
25.638435374
26.146439909
26.677392290
27.172290249
27.678571429
28.160385488
28.665170068
29.180294785
29.686712018
30.174331066
30.656145125
31.201814059
31.696371882
32.224353741