1.061224490
1.575034014
2.146394558
2.677551020
3.189070295
3.740907029
4.255918367
4.755170068
5.273877551
5.811904762
6.339047619
6.861496599
7.397006803
7.892789116
8.407732426
8.925170068
9.436938776
9.965850340
10.479342404
10.974331066
11.483809524
11.978321995
12.526598639
13.044625850
13.594263039
14.101768707
14.610861678
15.126780045
15.618367347
16.139863946
16.639637188
17.171315193
17.692312925
18.216462585
18.762653061
19.226371882
19.743356009
20.213446712
20.722902494
21.223832200
21.767414966
22.280907029
22.798117914
23.325124717
23.840725624
24.355396825
24.830249433
25.327845805
25.840340136
26.324693878
26.838820862
27.333877551
27.892131519
28.412517007
28.906213152
29.453061224
30.001632653
30.529773243
31.058662132
31.557664399
32.074353741
32.602426304
33.149387755
33.640476190
34.138730159
34.655804989
35.195170068
35.686281179
36.249251701
36.732517007
37.221201814
37.699047619
38.206507937
38.739410431
39.272131519
39.804535147
40.288004535
40.803265306
41.308276644
41.839092971
42.320657596
42.843219955
43.356167800
43.872630385
44.380816327
44.909002268
45.452539683
46.027755102
46.541496599
47.068299320
47.608163265
48.113197279
48.683537415
49.179863946
49.728435374
50.247437642
50.781791383
51.282244898
51.813628118
52.344761905
52.821292517
53.352653061
53.866031746
54.361587302
54.856598639
55.391269841
55.911156463
56.423310658
56.923151927
57.407619048
57.940566893
58.480589569
58.992267574