0.107301587
0.522448980
0.932721088
1.341587302
1.731632653
2.121088435
2.547868481
2.955986395
3.343673469
3.706689342
4.110725624
4.498503401
4.863106576
5.278820862
5.681451247
6.047346939
6.460068027
6.849229025
7.258843537
7.624240363
8.027913832
8.433764172
8.823038549
9.225510204
9.609795918
10.017959184
10.442448980
10.808163265
11.186190476
11.570702948
11.976417234
12.421224490
12.862040816
13.247346939
13.619954649
13.986303855
14.380408163
14.762811791
15.148752834
15.593650794
15.982108844
16.388208617
16.733990930
17.175510204
17.567346939
17.955555556
18.340929705
18.790022676
19.152834467
19.544671202
19.925623583
20.321088435
20.712925170
21.151927438
21.525623583
21.886553288
22.312925170
22.715646259
23.092063492
23.476553288
23.885895692
24.290657596
24.682358277
25.121088435
25.488390023