0.033741497
0.488979592
0.940408163
1.428049887
1.853061224
2.364421769
2.830816327
3.278752834
3.728866213
4.196621315
4.662426304
5.126349206
5.570068027
6.040181406
6.486394558
6.954376417
7.441995465
7.894784580
8.359183673
8.814784580
9.279002268
9.764557823
10.227142857
10.659251701
11.131224490
11.601292517
12.047188209
12.535510204
12.998480726
13.441156463
13.914512472
14.378866213
14.862312925
15.310362812
15.794421769
16.243197279
16.710181406
17.176757370
17.617755102
18.114693878
18.575079365
19.042993197
19.507936508
19.997551020
20.460589569
20.896507937
21.340385488
21.791950113
22.263990930
22.731587302
23.195419501
23.679387755
24.146145125
24.629297052
25.077551020
25.530340136
25.994739229
26.447528345
26.911927438
27.364716553
27.809705215
28.273287982
28.744195011