0.045714286
1.051428571
1.717551020
2.336689342
2.966598639
3.536689342
4.135736961
4.647619048
5.240770975
5.833832200
6.381405896
6.945532880
7.515170068
8.063061224
8.614489796
9.161814059
9.698344671
10.293832200
10.849931973
11.444671202
11.975691610
12.544852608
13.067029478
13.589478458
14.158367347
14.698231293
15.226485261
15.754739229
16.328843537
16.862947846
17.382879819
17.933877551
18.551746032
19.079183673
19.641564626
20.175850340
20.695600907
21.211655329
21.775646259
22.317596372
22.879909297
23.414875283
23.967301587
24.501111111
25.023083900
25.545623583
26.093537415
26.682993197
27.268503401
27.823151927
28.392811791
28.967256236
29.500952381
30.044126984
30.578684807
31.094671202
31.631473923
32.216938776
32.786575964
33.367074830
33.891360544
34.436485261
34.974399093
35.561814059
36.112244898
36.646802721
37.178820862
37.752108844
38.300090703
38.860158730
39.395850340
39.868662132
40.431020408
40.963197279
41.503287982
42.039863946
42.579478458
43.112857143
43.644058957
44.164535147
44.727437642
45.301405896
45.868004535
46.396303855
46.909024943
47.485260771
48.086054422
48.641065760
49.179569161
49.704761905
50.253424036
50.840090703
51.362426304
51.896371882
52.474943311
53.004943311
53.559115646
54.115464853
54.680498866
55.232426304
55.743424036
56.302312925
56.845873016
57.390589569
57.926145125
58.417641723
58.957233560
59.514671202
60.044988662
60.593083900
61.146303855
61.679682540
62.252698413
62.844807256
63.382766440
63.964943311
64.495600907
65.010068027
65.538321995
66.078185941
66.595011338
67.108367347
67.661564626
68.188752834
68.742176871
69.295396825
69.837664399
70.362857143