0.139319728
0.752267574
1.335147392
1.909909297
2.499863946
3.113378685
3.694036281
4.294603175
4.900793651
5.514353741
6.108321995
6.679206349
7.312358277
7.910317460
8.478684807
9.113832200
9.717551020
10.332879819
10.895170068
11.495306122
12.092380952
12.716689342
13.298253968
13.892653061
14.524081633
15.133605442
15.708911565
16.296825397
16.878004535
17.499705215
18.104988662
18.674648526
19.278956916
19.894784580
20.503560091
21.081882086
21.704852608
22.320181406
22.923900227
23.539229025
24.142947846
24.752471655
25.316281179
25.912925170
26.464739229
27.084308390
27.667460317
28.316734694
28.932063492
29.512290249
30.092108844
30.688956916
31.293333333
31.927052154
32.522154195
33.127460317
33.744399093
34.336507937
34.928616780
35.479070295
36.104512472
36.711428571
37.300952381
37.905918367
38.544036281
39.142222222
39.737301587
40.279138322
40.884512472
41.540498866
42.110408163
42.695419501
43.310068027
43.949569161
44.528276644
45.102789116
45.683650794
46.288979592
46.904308390
47.496417234
48.121972789