0.127709751
0.626938776
1.119750567
1.590566893
2.049160998
2.550204082
3.047619048
3.552653061
4.057687075
4.512653061
5.018775510
5.475918367
5.982040816
6.445510204
6.935147392
7.416621315
7.937959184
8.457142857
8.927346939
9.387709751
9.862675737
10.347392290
10.874920635
11.371972789
11.875555556
12.358820862
12.823219955
13.305034014
13.833287982
14.315102041
14.825941043
15.307755102
15.791020408
16.306938776
16.809795918
17.299591837
17.750204082
18.279183673
18.768979592
19.301587302
19.760181406
20.211519274
20.735419501
21.234648526
21.669297052
22.180861678
22.720725624
23.196734694
23.684353741
24.136031746
24.663673469
25.130702948
25.617165533
26.101746032
26.634784580
27.123605442
27.597346939
28.107301587
28.572925170
29.053174603
29.540702948
30.013151927
30.526689342
31.026530612
31.510816327
32.000634921
32.500725624
33.013061224
33.484603175
34.006099773
34.517142857
34.997324263
35.499138322
35.971269841
36.448390023
36.966167800
37.494421769
37.999455782
38.481269841
38.946235828
39.432993197
39.925623583
40.449160998
40.909115646
41.398503401
41.895827664
42.380793651
42.896326531
43.364716553
43.849546485
44.365079365
44.837165533
45.353106576
45.868798186
46.357346939
46.849206349
47.321972789
47.833219955
48.329523810
48.814172336
49.298367347
49.776734694
50.258684807
50.767210884
51.253469388
51.731451247
52.194013605
52.688027211
53.180340136
53.670090703
54.174693878
54.685419501
55.150657596
55.650249433
56.147913832
56.614512472
57.096213152
57.601950113
58.097891156
58.585623583
59.064149660
59.546530612
60.031315193
60.498004535
60.997936508
61.497505669
61.961065760
62.444399093
62.951700680