0.705306122
1.277528345
1.820612245
2.374263039
2.929705215
3.450045351
3.984172336
4.549206349
5.089070295
5.639297052
6.232086168
6.772630385
7.298185941
7.828752834
8.366530612
8.928752834
9.477732426
10.040226757
10.626258503
11.167120181
11.704852608
12.237868481
12.790612245
13.354965986
13.905396825
14.452063492
14.988843537
15.556077098
16.064308390
16.599024943
17.168979592
17.670498866
18.247823129
18.803809524
19.318526077
19.857437642
20.409569161
20.954263039
21.459523810
21.987482993
22.558798186
23.124557823
23.667324263
24.211564626
24.764965986
25.297596372
25.837641723
26.409024943
26.915192744
27.458208617
28.007278912
28.581133787
29.104104308
29.652721088
30.189591837
30.770294785
31.290317460
31.824489796
32.372675737
32.916258503
33.462698413
34.005034014
34.528480726
35.072698413
35.623832200
36.206802721
36.743378685
37.305827664
37.839773243
38.395374150
38.956009070
39.480702948
40.062018141
40.620793651
41.124920635
41.685328798
42.221451247
42.770294785
43.340385488
43.872403628
44.415396825
44.952403628
45.507120181
46.040045351
46.586326531
47.127505669
47.677573696
48.253990930
48.812176871
49.363129252
49.873560091
50.421882086
50.956394558
51.505419501
52.055600907
52.602630385
53.155578231
53.692925170
54.246666667
54.795941043
55.369229025
55.912199546
56.438253968
56.991836735
57.521111111
58.093560091
58.637482993
59.138888889
59.685986395
60.225283447
60.739886621
61.310158730
61.883514739
62.405510204
62.973854875
63.527233560
64.056530612
64.593287982
65.124988662
65.692585034
66.257777778
66.807324263
67.321859410
67.872199546
68.406077098
68.952811791
69.470929705
70.039886621
70.596349206
71.139931973
71.692539683
72.248185941
72.777437642
73.288684807
73.821519274
74.341587302
74.939705215
75.490680272
76.014467120
76.571700680
77.102857143
77.645306122
78.178027211
78.722267574
79.294104308
79.855941043
80.397324263
80.934331066
81.489206349
82.044172336
82.555170068
83.089705215
83.626507937
84.178344671
84.691655329
85.241587302
85.777460317
86.318027211
86.867913832