0.116099773
0.603718821
1.102947846
1.555736961
2.007006803
2.455714286
2.903378685
3.366394558
3.818798186
4.284671202
4.754648526
5.184058957
5.631360544
6.096394558
6.547823129
6.999591837
7.473922902
7.944126984
8.417233560
8.846802721
9.282108844
9.739092971
10.192653061
10.646349206
11.113650794
11.569342404
12.027936508
12.474920635
12.927709751
13.381836735
13.815600907
14.247482993
14.719546485
15.169297052
15.627029478
16.071904762
16.532607710
16.982494331
17.438185941
17.885170068
18.335056689
18.784943311
19.219002268
19.670204082
20.115102041
20.571859410
21.034761905
21.482040816
21.934965986
22.395646259
22.830453515
23.314852608
23.727437642
24.184149660
24.614852608
25.048526077
25.521632653
25.962811791
26.414784580
26.842267574
27.319614512
27.754149660
28.189024943
28.642539683