0.759342404
1.266213152
1.755260771
2.234920635
2.757369615
3.247301587
3.744217687
4.288435374
4.767346939
5.282539683
5.776621315
6.269387755
6.828117914
7.328798186
7.814965986
8.315646259
8.845351474
9.353287982
9.843764172
10.359841270
10.849160998
11.341814059
11.878458050
12.342857143
12.850793651
13.337029478
13.883106576
14.360022676
14.897052154
15.364489796
15.850680272
16.342539683
16.873401361
17.378117914
17.892244898
18.402970522
18.872653061
19.366916100
19.876802721
20.355532880
20.846417234
21.339637188
21.827551020
22.328344671
22.864399093
23.365079365
23.865759637
24.344671202
24.867120181
25.338775510
25.839455782
26.340136054
26.855328798
27.334240363
27.820272109
28.328344671
28.843537415
29.315238095
29.848798186
30.365736961
30.880907029
31.394172336
31.878820862
32.376258503
32.856077098
33.364897959
33.873174603
34.377845805
34.861315193
35.370022676
35.865170068
36.361723356
36.843310658
37.341224490
37.828684807
38.311678005
38.827460317
39.310408163
39.800045351
40.273401361
40.764149660
41.255419501
41.759523810
42.265532880
42.774195011
43.261564626
43.753696145
44.253287982
44.792290249
45.263696145
45.727437642
46.228775510
46.733356009
47.229727891
47.697029478
48.165804989
48.680408163
49.180385488
49.696712018
50.208185941
50.657800454
51.154217687
51.646417234
52.121179138
52.615510204
53.085396825
53.611428571
54.113628118
54.585192744
55.092630385
55.560680272
56.068934240
56.533333333
57.034013605
57.505668934
58.013605442
58.507029478
58.993197279
59.493877551
59.965532880
60.451700680
60.937868481
61.408027211
61.893333333
62.390453515
62.845079365
63.341836735
63.808707483
64.295895692