0.129954649
0.601904762
1.062312925
1.515102041
1.956281179
2.397460317
2.867664399
3.314648526
3.773242630
4.233764172
4.661405896
5.097936508
5.565895692
6.017029478
6.506938776
6.953764172
7.430385488
7.877369615
8.318548753
8.788752834
9.247346939
9.679977324
10.126893424
10.597573696
11.064308390
11.517097506
11.929251701
12.391337868
12.852244898
13.310839002
13.752018141
14.216417234
14.631768707
15.110385488
15.574784580
16.033378685
16.491972789
16.921541950
17.380136054
17.793605442
18.247664399
18.699750567
19.137074830
19.596870748
20.053424036
20.491609977
20.957619048
21.449433107
21.925442177
22.396734694
22.880000000
23.294693878
23.750725624
24.251428571
24.675918367
25.105941043
25.564444444
26.016507937
26.448412698
26.915623583
27.379750567
27.847301587
28.299251701