0.059863946
0.953469388
1.774693878
2.535510204
3.211428571
3.883900227
4.569251701
5.285442177
5.901496599
6.553560091
7.209795918
7.867210884
8.519024943
9.162448980
9.885170068
10.536054422
11.132176871
11.783401361
12.392925170
13.047619048
13.682403628
14.358639456
14.974693878
15.669115646
16.241632653
16.892721088
17.514444444
18.172426304
18.797278912
19.449659864
20.068344671
20.765170068
21.328979592
22.014693878
22.628571429
23.267573696
23.895850340
24.528253968
25.145215420
25.796099773
26.431292517
27.043968254
27.697256236
28.330430839
28.931814059
29.579795918
30.184399093
30.853673469
31.471746032
32.111678005
32.785782313
33.394263039
34.045600907
34.675873016
35.286349206
35.935442177
36.530793651
37.165714286
37.796145125
38.416575964
39.044807256
39.690408163
40.312471655
40.944920635