0.640657596
1.220498866
1.802970522
2.320544218
2.869931973
3.421020408
3.969433107
4.497392290
5.035600907
5.563560091
6.132947846
6.664331066
7.196689342
7.748798186
8.328684807
8.852857143
9.381065760
9.963401361
10.520793651
11.071836735
11.632222222
12.178798186
12.736530612
13.277936508
13.817573696
14.347823129
14.913038549
15.433083900
16.006598639
16.537074830
17.078253968
17.642244898
18.201859410
18.742018141
19.265782313
19.834172336
20.371179138
20.933718821
21.467981859
22.035963719
22.570362812
23.073560091
23.633605442
24.180634921
24.701088435
25.250385488
25.774444444
26.320748299
26.881609977
27.429115646
27.967097506
28.500725624
29.051496599
29.613696145
30.153854875
30.678072562
31.221609977
31.770816327
32.290634921
32.855056689
33.411156463
33.914943311
34.494716553
35.019591837
35.553424036
36.073174603
36.631337868
37.150045351
37.713310658
38.246167800
38.807573696
39.329546485
39.872947846
40.414421769
40.975034014
41.500476190
42.010952381
42.551201814
43.101678005
43.663446712
44.199614512
44.722335601
45.264603175
45.792562358
46.326780045
46.878820862
47.439433107
47.978072562
48.518979592
49.080521542
49.639569161
50.155510204
50.709954649
51.227641723
51.764331066
52.324240363
52.854671202
53.391791383
53.960884354
54.506916100
55.042630385
55.611836735
56.148367347
56.695623583
57.253083900
57.798843537
58.331224490
58.867369615
59.412811791
59.964512472
60.502448980
61.033038549
61.567437642
62.111950113
62.629727891
63.198775510
63.715419501
64.267641723
64.806009070
65.331564626
65.867188209
66.447006803
66.995396825
67.534331066
68.063696145
68.616077098
69.165986395
69.694671202
70.232176871
70.794263039
71.330408163
71.848616780
72.389092971
72.935850340
73.479931973
74.013968254
74.552743764
75.088435374
75.627959184
76.164353741
76.695510204
77.252494331
77.773628118
78.304829932
78.868412698
79.400136054
79.964240363
80.517029478
81.057029478
81.612947846
82.135646259
82.698027211
83.213061224
83.752902494
84.285147392
84.805170068
85.329659864
85.871904762
86.401247166