0.021587302
0.486235828
0.934603175
1.377959184
1.835102041
2.302426304
2.764625850
3.195646259
3.650612245
4.116780045
4.571564626
5.014399093
5.459501134
5.935056689
6.392789116
6.847369615
7.288888889
7.738775510
8.202154195
8.656689342
9.099319728
9.580408163
10.013968254
10.463718821
10.920634921
11.381405896
11.831292517
12.288435374
12.741950113
13.209977324
13.659863946
14.102494331
14.550612245
15.020408163
15.471383220
15.919705215
16.380952381
16.834467120
17.291609977
17.752380952
18.195011338
18.648526077
19.116553288
19.551519274
20.034467120
20.463650794
20.935306122
21.384965986
21.827278912
22.283900227
22.759727891
23.192607710
23.668095238
24.112471655
24.590181406
25.022539683
25.472063492
25.926530612
26.387301587
26.837188209
27.300839002
27.766598639
28.204988662
28.658503401
29.104761905