0.526780045
1.135782313
1.778798186
2.348390023
2.883106576
3.460022676
4.064126984
4.647165533
5.230997732
5.837619048
6.402290249
7.040000000
7.615759637
8.212086168
8.767460317
9.345328798
9.960634921	
10.497528345
11.164444444
11.715374150
12.337777778
12.906666667
13.531428571
14.047233560
14.659047619
15.264376417
15.846553288
16.447687075
17.046417234
17.619569161
18.231564626
18.799365079
19.443809524
20.035918367
20.657777778
21.226666667
21.820952381
22.386439909
22.979047619
23.583492063
24.187936508
24.766984127
25.361269841
25.955555556
26.513356009
27.118730159
27.733333333
28.276848073
28.876190476
29.455238095
30.054603175
30.659047619
31.238095238
31.822222222
32.436825397
33.000634921
33.547029478
34.153582766
34.783492063
35.367619048
35.992380952
36.576507937
37.150476190
37.729274376
38.308571429
38.887619048
39.446349206
39.998548753
40.594421769
41.192675737
41.767959184
42.356825397
42.911315193
43.516757370
44.084784580
44.662154195
45.267301587
45.841269841
46.430476190
47.014603175
47.603809524	
48.164195011
48.792380952
49.361269841
49.986031746
50.570158730
51.169523810
51.753650794
52.317460317
52.881269841
53.475555556
54.100317460
54.674285714
55.273650794
55.852698413
56.446984127
57.000634921	
57.630476190
58.229841270
58.773333333
59.413333333
59.966984127
60.591746032
61.160634921
61.739682540
62.346689342
62.962358277
63.532630385
64.137142857
64.726349206
65.310476190
65.925079365
66.509206349	