0.067120181
0.599365079
1.158095238
1.678662132
2.229115646
2.786394558
3.308027211
3.851609977
4.390272109
4.928435374
5.477709751
6.003741497
6.538820862
7.100272109
7.636462585
8.193741497
8.725691610
9.250249433
9.804625850
10.335782313
10.878548753
11.424217687
11.976780045
12.509750567
13.061224490
13.603990930
14.136009070
14.685578231
15.231292517
15.790975057
16.347233560
16.893083900
17.432380952
17.998367347
18.549841270
19.066485261
19.606349206
20.128798186
20.680634921
21.227687075
21.763129252
22.299863946
22.866122449
23.382494331
23.894058957
24.435487528
24.999183673
25.517959184
26.049886621
26.581043084
27.109297052
27.669478458
28.215147392
28.743401361
29.262947846
29.791201814
30.333968254
30.899954649
31.381768707
31.898412698
32.442675737
32.974761905
33.535419501
34.072244898