0.409501134
0.877165533
1.373741497
1.808276644
2.272222222
2.708730159
3.158117914
3.589931973
4.039591837
4.486417234
4.934761905
5.374399093
5.840022676
6.286213152
6.747936508
7.225056689
7.683129252
8.103650794
8.562040816
9.026598639
9.430317460
9.893628118
10.364603175
10.789115646
11.240521542
11.727913832
12.173378685
12.664149660
13.123945578
13.557482993
13.990476190
14.406984127
14.908662132
15.362448980
15.807687075
16.294149660
16.741972789
17.195623583
17.642176871
18.095147392
18.559977324
19.033469388
19.493968254
19.972607710
20.438820862
20.888888889
21.335147392
21.779569161
22.243582766
22.686099773
23.138730159
23.590317460
24.039682540
24.523333333
24.990702948
25.453900227
25.912335601
26.388095238
26.878117914
27.310408163
27.777460317
28.203900227
28.659977324
29.102698413