0.421587302
1.163174603
1.869206349
2.534603175
3.149206349
3.842902494
4.458231293
5.079365079
5.709206349
6.359365079
6.941541950
7.568253968
8.157460317
8.772063492
9.366349206
10.007800454
10.599909297
11.215238095
11.807346939
12.411065760
12.991564626
13.595283447
14.187392290
14.779501134
15.360000000
15.975328798
16.532607710
17.113106576
17.705215420
18.262494331
18.842993197
19.435102041
20.027210884
20.584489796
21.153378685
21.745487528
22.291156463
22.836825397
23.405714286
23.962993197
24.543492063
25.077551020
25.634829932
26.215328798
26.749387755
27.329886621
27.863945578
28.432834467
28.990113379
29.524172336
30.069841270
30.638730159
31.184399093
31.718458050
32.275736961
32.844625850
33.378684807
33.935963719
34.504852608
35.038911565
35.584580499
36.153469388
36.687528345
37.244807256
37.802086168
38.359365079
38.905034014
39.473922902
40.031201814
40.565260771
41.110929705
41.668208617
42.225487528
42.771156463
43.316825397
43.862494331
44.408163265
44.942222222
45.487891156
46.045170068
46.614058957
47.148117914
47.682176871
48.239455782
48.796734694
49.319183673
49.853242630
50.398911565
50.956190476
51.501859410
52.047528345
52.593197279
53.138866213
53.696145125
54.241814059
54.799092971
55.321541950
55.864444444
56.438571429
56.982403628
57.468775510
58.031746032
58.579591837
59.102993197
59.600589569
60.173265306
60.698911565
61.215079365
61.725487528
62.276394558
62.822766440
63.389433107
63.880725624
64.402335601
64.922426304
65.425873016
65.962607710
66.494897959
67.028662132
67.550068027
68.120521542
68.640680272
69.163038549
69.663015873
70.263628118
70.821496599
71.359705215
71.871088435
72.408526077
72.936439909
73.441496599
73.991836735
74.525532880
75.059024943
75.573446712
76.106417234
76.591972789
77.121292517
77.641247166
78.185192744
78.657210884
79.204149660
79.727074830
80.253945578
80.762539683
81.309319728
81.826621315
82.353106576
82.857936508
83.368412698
83.891859410
84.408185941
84.919092971
85.456167800
85.939138322
86.439682540
86.928616780
87.476893424
87.997845805