0.289841270
0.894693878
1.404807256
1.933990930
2.448503401
2.958843537
3.417233560
3.902086168
4.387482993
4.868571429
5.366938776
5.852018141
6.346621315
6.860204082
7.334716553
7.784580499
8.308049887
8.783809524
9.266938776
9.731337868
10.236077098
10.755646259
11.218117914
11.732585034
12.224126984
12.707460317
13.190657596
13.677755102
14.150408163
14.643356009
15.145986395
15.616598639
16.121315193
16.617142857
17.086031746
17.573287982
18.059637188
18.554603175
19.051156463
19.543401361
20.034761905
20.522879819
21.040090703
21.501111111
22.002517007
22.481065760
22.964444444
23.438095238
23.935532880
24.435555556
24.926167800
25.408911565
25.897981859
26.401564626
26.855124717
27.359319728
27.834172336
28.308253968
28.817414966
29.300521542
29.783990930
30.297256236
30.769251701
31.238004535
31.723628118
32.200566893
32.697324263
33.215804989
33.703106576
34.165895692
34.672902494
35.166848073
35.651405896
36.104807256
36.591065760
37.076598639
37.582267574
38.055532880
38.517913832
39.001564626
39.519818594
40.008798186
40.505668934
40.971383220
41.434784580
41.919523810
42.385079365
42.890090703
43.371247166
43.851292517
44.384693878
44.852086168
45.350589569
45.860839002
46.315804989
46.788662132
47.298775510
47.784195011
48.272312925
48.756235828
49.252176871
49.750136054
50.211247166
50.704648526
51.205714286
51.671383220
52.168140590
52.634784580
53.101043084
53.571383220
54.057346939
54.533129252
55.003741497
55.467687075
55.968208617
56.430657596
56.920589569
57.411337868
57.914603175
58.404036281
58.874195011
59.356417234
59.833061224
60.337052154
60.859501134
61.314285714
61.769478458
62.247528345
62.720136054
63.202471655
63.714081633
64.226394558
64.692857143
65.185487528
65.669092971
66.148480726
66.632834467
67.103219955
67.571678005
68.058480726
68.556734694
69.032448980
69.501088435
69.963083900
70.433038549
70.924988662
71.385034014
71.885646259
72.368730159
72.853197279
73.351587302
73.821791383
74.307936508
74.773446712
75.240453515
75.723310658
76.216961451
76.667664399
77.137460317