0.847528345
1.650793651
2.314739229
2.938775510
3.508390023
4.107029478
4.643990930
5.231746032
5.779591837
6.316553288
6.831746032
7.354195011
7.880272109
8.402721088
8.960544218
9.438911565
9.984580499
10.560000000
11.088253968
11.575147392
12.111746032
12.650158730
13.180952381
13.734603175
14.247619048
14.786031746
15.278730159
15.818594104
16.350476190
16.834467120
17.381587302
17.879365079
18.417777778
18.946031746
19.453968254
19.982222222
20.480000000
21.025668934
21.524897959
22.069841270
22.582857143
23.121269841
23.634285714
24.126984127
24.680634921
25.158820862
25.681269841
26.224761905
26.737777778
27.266031746
27.789206349
28.281904762
28.792743764
29.303582766
29.860861678
30.383310658
30.907936508
31.426031746
31.959365079
32.452063492
32.995555556
33.508571429
34.026666667
34.524444444
35.084625850