0.050793651
0.481814059
0.920997732
1.359727891
1.775328798
2.218548753
2.684807256
3.134693878
3.564263039
4.025759637
4.458231293
4.868684807
5.338503401
5.773061224
6.226734694
6.658321995
7.096598639
7.570045351
8.002789116
8.435396825
8.877188209
9.321814059
9.750090703
10.177551020
10.624195011
11.090929705
11.516507937
11.966621315
12.411700680
12.841700680
13.271043084
13.703378685
14.168231293
14.622789116
15.066417234
15.489092971
15.941451247
16.395260771
16.839115646
17.316281179
17.747233560
18.227664399
18.677551020
19.121632653
19.577324263
20.024308390
20.459682540
20.906666667
21.330770975
21.786122449
22.224399093
22.680090703
23.124172336
23.594376417
24.079092971
24.517369615
24.917913832
25.358367347
25.815510204
26.253061224
26.694467120
27.129455782
27.600680272
28.044217687
28.453945578