0.743900227
1.564897959
2.270748299
2.978775510
3.585351474
4.219818594
4.831541950
5.417709751
5.998231293
6.612176871
7.198979592
7.778911565
8.371587302
8.932925170
9.495532880
10.063832200
10.654557823
11.221655329
11.776009070
12.318594104
12.864739229
13.467981859
13.985623583
14.559977324
15.107641723
15.661179138
16.237551020
16.766054422
17.298412698
17.862312925
18.406031746
18.970340136
19.500000000
20.041428571
20.618072562
21.152698413
21.731360544
22.253945578
22.766984127
23.322834467
23.850000000
24.381678005
24.953809524
25.473015873
26.035873016
26.579569161
27.118140590
27.653922902
28.189773243
28.714557823
29.269387755
29.823151927
30.367029478
30.884988662
31.408208617
31.935351474
32.470136054
32.986326531
33.525011338
34.063854875
34.587278912
35.116031746
35.651950113
36.157278912
36.668163265
37.211768707
37.695895692
38.266961451
38.764761905
39.298594104
39.819433107
40.329863946
40.834965986
41.353356009
41.852494331
42.388253968
42.926462585
43.414580499
43.951632653
44.455328798
44.934943311
45.451632653
45.949274376
46.469682540
46.946598639
47.491836735
47.975827664
48.484535147
49.007210884
49.529387755
50.003151927
50.564807256
51.051814059
51.547981859
52.054784580
52.567868481
53.025782313
53.551791383
54.067097506
54.623151927
55.117324263
55.616507937
56.130544218
56.618163265
57.130453515
57.600907029
58.116689342
58.606712018
59.099569161
59.583197279
60.092018141
60.588117914
61.066167800
61.577755102
62.068276644
62.576870748
63.072222222
63.563333333
64.051746032
64.551519274
65.032040816
65.531746032
66.015283447
66.530997732
67.014761905
67.502698413
68.011609977
68.527709751
69.015328798
69.514625850
69.998276644
70.517664399
71.002970522
71.517845805
71.998435374
72.504104308
72.967346939
73.444580499
73.966235828
74.454988662
74.934920635
75.427120181
75.931065760
76.422063492
76.887823129
77.388072562
77.852902494
78.337936508
78.862857143
79.355124717
79.847596372
80.337278912
80.823129252
81.282653061
81.809795918
82.293219955
82.756281179
83.252426304
83.717233560
84.204467120