0.058049887
0.551473923
1.053605442
1.572063492
2.069841270
2.557823129
3.071836735
3.543401361
4.038095238
4.542403628
5.017687075
5.522970522
5.979138322
6.438095238
6.930793651
7.410793651
7.903537415
8.381496599
8.843174603
9.338412698
9.837619048
10.285714286
10.788571429
11.267097506
11.743492063
12.218412698
12.721632653
13.175873016
13.650430839
14.138049887
14.627074830
15.116870748
15.601564626
16.074013605
16.579047619
17.079841270
17.533968254
18.009977324
18.485986395
18.959092971
19.426394558
19.919410431
20.398730159
20.854421769
21.336235828
21.833287982
22.308208617
22.770068027
23.246077098
23.727891156
24.230907029
24.708911565
25.170430839
25.643537415
26.125351474
26.589750567
27.077369615
27.568548753
28.037845805
28.490884354
28.955283447
29.445804989
29.937188209
30.430022676