0.050793651
0.812698413
1.462630385
2.039002268
2.583219955
3.141950113
3.686167800
4.244897959
4.817346939
5.386009070
5.912108844
6.439319728
7.024829932
7.566371882
8.087800454
8.642426304
9.205034014
9.752698413
10.284172336
10.808095238
11.331791383
11.889705215
12.426371882
12.973265306
13.506893424
14.046984127
14.569002268
15.104195011
15.605419501
16.158004535
16.690476190
17.222970522
17.781541950
18.277868481
18.768820862
19.323673469
19.873242630
20.408911565
20.933310658
21.471995465
22.005328798
22.556190476
23.070317460
23.601269841
24.137142857
24.669433107
25.165918367
25.683696145
26.200839002
26.751791383
27.266553288
27.822947846
28.350408163
28.914693878
29.443061224
29.999297052
30.531201814
31.069637188
31.610090703
32.150952381
32.716009070
33.217687075
33.704716553
34.206938776
34.722018141
35.238684807
35.781360544
36.272993197
36.811609977
37.341020408
37.858775510
38.392267574
38.941836735
39.438276644
39.964058957
40.486235828
41.011541950
41.555283447
42.034058957
42.570430839
43.101791383
43.616734694
44.141700680
44.671587302
45.197528345
45.745623583
46.233265306
46.754988662
47.264965986
47.780975057
48.301451247
48.802834467
49.340816327
49.870907029
50.402358277
50.934625850
51.449863946
52.003061224
52.523015873
53.033764172
53.567619048
54.106757370
54.620158730
55.132403628
55.670000000
56.217936508
56.735668934
57.253378685
57.770090703
58.285555556
58.823696145
59.335102041
59.890566893
60.434761905
60.992131519
61.487619048
62.006553288
62.522517007
63.057505669
63.584671202
64.115102041
64.615736961
65.175918367
65.692585034
66.235918367
66.739387755
67.250453515
67.771768707
68.311337868
68.857868481
69.362539683
69.904331066
70.402131519
70.940498866
71.466575964
72.010498866
72.518707483
73.014126984
73.528049887
74.056734694
74.591836735
75.100975057
75.626326531
76.169637188
76.718344671
77.234399093
77.775555556
78.302040816
78.848526077
79.366439909
79.874807256
80.400612245
80.927959184
81.431519274
81.990113379
82.518911565
83.034852608
83.584421769
84.104308390
84.664920635