0.611700680
1.241428571
1.814058957
2.379319728
2.982312925
3.524036281
4.075782313
4.611451247
5.176712018
5.772494331
6.339047619
6.900680272
7.454467120
7.992947846
8.564444444
9.120385488
9.717709751
10.263151927
10.819523810
11.381043084
11.978775510
12.517256236
13.094603175
13.630340136
14.198594104
14.750340136
15.334603175
15.836394558
16.432902494
16.988798186
17.559365079
18.138412698
18.717460317
19.268276644
19.864376417
20.419229025
21.000453515
21.565782313
22.129297052
22.692902494
23.248752834
23.812154195
24.368185941
24.936961451
25.485736961
26.065759637
26.646893424
27.216575964
27.782811791
28.358843537
28.935555556
29.482902494
30.058662132
30.586009070
31.163424036
31.737868481
32.283990930
32.853242630
33.410907029
33.968526077
34.515895692
35.065850340
35.648276644
36.191315193
36.768027211
37.320181406
37.917460317
38.445714286
39.029841270
39.598707483
40.150226757
40.718208617
41.267573696
41.847641723
42.443174603
42.943469388
43.514920635
44.086916100
44.657777778
45.270816327