0.150929705
0.817392290
1.461428571
2.161882086
2.817619048
3.474285714
4.155941043
4.863741497
5.581768707
6.236485261
6.910997732
7.611156463
8.267573696
9.311519274
9.990181406
10.677210884
11.397596372
12.103696145
12.775827664
13.440249433
14.116054422
14.759183673
15.445532880
16.127732426
16.816167800
17.478594104
18.157165533
18.811224490
19.495873016
20.155102041
20.829183673
21.516281179
22.189841270
22.867165533
23.875918367
24.568820862
25.246009070
25.931179138
26.595328798
27.295034014
27.974489796
28.648684807
29.328979592
29.990158730
30.676099773
31.365510204
32.044943311
32.710861678
33.415170068
34.081156463
34.774875283
35.690657596
36.394081633
37.061337868
37.776734694
38.494739229
39.165238095
39.826802721
40.511859410
41.143854875
41.844217687
42.545056689
43.205782313
43.858231293
44.530272109
45.212063492
45.877732426
46.545124717
47.223083900
47.866258503
48.531564626
49.210770975
50.213219955
50.907437642
51.611564626
52.290680272
52.994149660