0.241632653
0.817165533
1.363061224
1.937777778
2.532063492
3.064263039
3.628730159
4.175578231
4.723809524
5.260680272
5.795419501
6.354285714
6.910476190
7.467573696
8.014852608
8.552199546
9.126394558
9.672244898
10.215691610
10.819047619
11.390476190
11.931564626
12.500317460
13.031179138
13.638095238
14.169070295
14.705963719
15.288888889
15.852698413
16.396666667
16.986122449
17.503174603
18.075396825
18.625306122
19.195646259
19.712902494
20.310204082
20.847891156
21.405170068
21.980589569
22.546575964
23.056077098
23.623401361
24.209705215
24.755374150
25.335873016
25.939591837
26.435918367
27.007709751
27.594013605
28.104852608
28.638911565
29.225215420
29.808616780
30.409433107
30.936303855
31.532698413
32.056507937
32.660317460
33.240816327
33.839455782
34.354648526
34.918367347
35.490249433
36.044013605
36.600816327
37.173242630
37.728866213
38.280634921
38.853333333
39.401655329
39.913061224
40.471655329
41.013809524
41.578231293
42.140589569
42.721088435
43.271179138
43.802789116
44.332471655
44.901133787
45.471111111
46.073469388
46.619659864
47.180045351
47.727528345
48.322902494
48.867120181
49.394875283
49.969115646
50.539682540
51.083900227
51.623922902
52.201360544
52.792743764
53.369614512
53.928344671
54.497959184
55.042176871
55.565192744
56.170521542
56.721995465
57.266213152
57.808208617
58.365532880
58.931519274
59.508390023
60.038095238
60.585941043
61.144671202
61.692517007
62.231882086
62.835374150
63.348684807
63.931065760
64.497052154
65.066666667
65.629024943
66.180498866
66.790022676
67.370521542
67.894036281
68.487981859
69.043083900
69.601814059
70.149659864
70.712018141
71.299773243
72.065306122