0.510476190
1.208004535
1.841632653
2.420680272
3.004081633
3.587482993
4.175238095
4.766938776
5.355102041
5.908027211
6.548027211
7.092244898
7.642312925
8.259682540
8.823650794
9.380907029
9.944693878
10.559433107
11.121383220
11.676961451
12.225442177
12.781020408
13.354988662
13.908412698
14.487437642
15.037823129
15.590408163
16.143990930
16.721337868
17.258934240
17.818730159
18.351179138
18.913696145
19.488231293
20.062040816
20.599138322
21.164308390
21.729773243
22.290294785
22.818276644
23.383083900
23.945759637
24.494421769
25.055056689
25.602562358
26.122675737
26.717006803
27.276780045
27.811247166
28.388820862
28.976666667
29.531836735
30.083310658
30.660544218
31.199387755
31.739886621
32.310975057
32.894126984
33.442993197
33.995963719
34.527278912
35.080226757
35.630907029
36.165192744
36.728820862