0.145124717
1.310748299
2.608480726
3.816780045
5.144671202
6.291156463
7.501088435
8.685396825
9.887346939
11.011700680
12.181768707
13.365986395
14.550544218
15.838911565
17.075374150
18.200634921
19.405578231
20.612630385
21.796643991
22.979682540
24.250340136
25.425079365
26.589138322
27.791814059
28.978503401
30.180136054
31.357301587
32.548571429
33.793741497
35.012789116
36.213151927
37.439387755
38.643809524
39.833832200
41.055782313
42.175034014
43.363265306
44.528367347
45.783945578
46.959501134
48.178503401
49.437641723
50.617392290
51.721678005
52.926394558
54.153265306
55.390226757
56.513446712
57.728956916
59.020884354
60.249682540
61.391496599
62.597233560
63.828752834
65.014126984
66.223537415
67.422040816
68.650022676
69.826122449
70.989886621
72.192607710
73.290612245
74.602290249
75.746394558
77.004399093
78.341065760