0.055147392
0.711655329
1.345170068
1.931224490
2.545532880
3.144852608
3.740022676
4.316190476
4.894467120
5.481473923
6.045487528
6.660068027
7.230589569
7.761269841
8.359183673
8.905759637
9.481065760
10.078276644
10.646848073
11.209342404
11.784126984
12.412653061
12.949659864
13.479886621
14.028458050
14.613628118
15.177777778
15.778095238
16.332312925
16.901496599
17.464807256
17.995963719
18.621519274
19.159183673
19.692970522
20.290430839
20.841383220
21.435124717
21.977981859
22.526349206
23.093310658
23.666394558
24.237596372
24.808662132
25.366893424
25.942335601
26.508140590
27.080884354
27.621564626
28.190680272
28.741609977
29.297392290
29.893219955
30.445918367
30.996825397
31.542789116
32.174104308
32.709410431
33.270136054
33.850884354
34.416281179
34.964988662
35.573401361
36.112993197
36.696099773
37.225668934
37.800362812
38.395623583
38.955714286
39.524399093
40.081519274
40.629319728
41.175419501
41.767641723
42.357074830
42.918095238
43.499818594
44.065351474
44.592176871
45.165419501
45.740612245
46.303310658
46.870045351
47.450702948
48.002380952
48.569705215
49.159092971
49.677278912
50.292494331
50.813424036
51.403514739
51.992154195
52.574308390
53.161201814
53.724195011
54.272403628
54.831020408
55.390249433
55.964058957
56.527936508
57.107029478
57.665011338
58.236757370
58.780022676
59.357369615
59.919206349
60.510226757
61.070136054
61.651700680
62.197687075
62.757324263
63.294081633
63.880090703
64.427551020
64.994058957
65.558163265
66.114285714
66.687709751
67.281405896
67.807709751
68.391609977
68.959773243
69.540498866
70.090566893
70.671088435
71.229523810
71.783151927
72.314852608
72.908911565
73.459183673
74.056870748
74.607165533
75.194693878
75.740566893
76.292335601
76.819931973
77.399297052
77.957551020
78.491950113
79.087981859
79.624126984
80.196099773
80.727392290
81.262743764
81.879115646
82.448208617
83.014467120
83.577256236
84.177165533
84.678095238
85.243582766
85.779024943
86.343741497
86.890816327
87.429682540
88.024648526
88.547165533
89.123265306
89.701950113