0.362811791
1.145056689
1.920544218
2.704263039
3.519229025
4.293219955
5.041428571
5.791360544
6.493854875
7.310181406
8.049183673
8.800997732
9.563061224
10.310204082
11.045714286
11.785102041
12.543378685
13.293673469
14.018321995
14.741927438
15.493650794
16.277188209
16.961133787
17.729047619
18.489501134
19.234875283
19.993741497
20.759546485
21.492267574
22.224036281
23.004988662
23.747392290
24.531020408
25.313718821
26.032494331
26.755804989
27.530181406
28.305714286
29.033786848
29.785873016
30.506417234
31.276031746
32.024444444
32.777369615
33.527006803
34.296893424
35.068321995
35.786485261
36.544172336
37.290725624
38.067709751
38.793242630
39.531020408
40.294603175
41.071156463
41.778752834
42.535215420
43.281111111
44.010816327
44.762063492
45.527482993
46.254739229
47.041224490
47.817120181
48.526893424
49.259931973
49.973061224
50.715396825
51.444376417
52.207709751
52.957891156
53.699274376
54.445260771
55.163832200
55.910226757
56.620158730
57.362244898
58.112086168
58.858095238
59.596122449