0.050793651
0.718367347
1.229931973
1.659478458
2.153673469
2.710113379
3.203605442
3.652562358
4.162879819
4.703492063
5.196190476
5.689024943
6.184240363
6.688140590
7.202925170
7.680612245
8.264126984
8.766984127
9.269115646
9.783945578
10.265283447
10.766689342
11.269637188
11.784240363
12.283446712
12.738956916
13.237301587
13.754875283
14.245646259
14.755034014
15.272743764
15.766213152
16.248503401
16.767755102
17.288662132
17.794648526
18.315351474
18.754648526
19.218571429
19.698888889
20.200544218
20.670975057
21.184625850
21.685782313
22.189342404
22.685192744
23.170045351
23.654965986
24.193015873
24.751746032
25.269841270
25.703537415
26.219614512
26.705941043
27.179591837
27.652811791
28.170272109
28.664512472
29.181950113
29.704807256
30.216009070
30.721746032
31.221950113
31.717619048
32.218140590
32.735215420
33.201315193
33.683401361
34.201541950
34.681995465
35.201337868
35.685600907
36.149818594
36.650158730
37.143945578
37.638956916
38.116802721
38.577505669
39.036530612
39.593650794
40.025396825
40.492698413
40.978888889
41.472131519
41.968956916
42.464149660
42.966099773
43.484444444
43.966984127
44.464761905
44.962539683
45.434784580
45.949410431
46.427301587
46.953650794
47.431111111
47.933968254
48.370793651
48.878730159
49.332063492
49.798072562
50.321723356
50.832857143
51.336689342
51.831723356
52.343492063
52.850816327
53.359274376
53.830022676
54.356190476
54.831201814
55.375238095
55.867868481
56.354671202
56.871360544
57.351972789
57.821746032
58.293582766
58.783265306
59.286485261
59.787165533
60.318140590
60.838049887
61.329387755
61.805827664
62.317709751
62.814399093