0.064807256
0.651201814
1.196235828
1.797346939
2.376666667
2.969773243
3.533129252
4.122653061
4.689909297
5.248140590
5.816530612
6.395532880
6.966417234
7.541746032
8.114013605
8.681337868
9.248412698
9.798934240
10.410113379
10.993106576
11.580090703
12.161541950
12.753786848
13.329705215
13.893083900
14.423832200
15.040181406
15.610589569
16.158911565
16.727188209
17.305079365
17.870702948
18.409501134
18.969365079
19.595804989
20.132879819
20.740272109
21.318707483
21.881065760
22.452879819
23.001995465
23.625736961
24.192222222
24.762448980
25.312653061
25.866394558
26.450929705
27.044761905
27.621088435
28.210907029
28.825691610
29.389229025
29.925306122
30.529863946
31.105759637
31.678752834
32.195102041
32.782947846
33.372857143
33.924489796
34.509954649
35.097936508
35.641201814
36.202199546
36.795170068
37.410907029
37.990657596
38.543673469
39.109659864
39.684353741
40.290589569
40.811972789
41.394897959
41.970068027
42.514285714
43.128730159
43.693718821
44.247074830
44.795646259
45.362607710
45.909546485
46.464036281
47.064580499
47.629138322
48.181383220
48.743786848
49.346802721
49.906802721
50.478299320
51.051156463
51.612176871
52.170997732
52.732086168
53.305623583
53.847074830
54.455487528
55.049092971
55.622562358
56.180226757
56.733741497
57.285215420
57.848163265
58.440272109
59.017120181
59.569365079
60.129523810
60.709614512
61.282630385
61.840498866
62.400498866
63.004421769
63.581247166
64.148208617
64.689024943
65.237551020
65.816984127
66.405578231
66.990498866
67.526530612
68.088163265
68.662857143
69.244739229
69.790476190
70.357346939
70.926689342
71.501541950
72.071111111
72.637936508
73.212539683
73.787777778
74.338344671
74.921723356
75.534852608
76.133424036
76.690793651
77.204897959
77.786507937
78.371156463
78.952335601
79.519229025
80.093514739
80.680634921
81.237573696
81.785646259
82.422154195