0.734263039
1.249591837
1.765963719
2.294739229
2.793990930
3.310634921
3.823990930
4.316961451
4.764852608
5.265374150
5.795600907
6.313968254
6.821655329
7.337619048
7.833219955
8.386031746
8.881950113
9.348571429
9.843469388
10.302970522
10.838458050
11.304943311
11.822607710
12.309818594
12.843786848
13.405623583
13.855056689
14.366984127
14.843560091
15.374240363
15.864761905
16.360839002
16.914285714
17.414603175
17.937301587
18.436213152
18.922970522
19.428639456
19.955260771
20.439047619
20.945714286
21.459251701
21.980204082
22.460158730
22.972789116
23.471043084
23.958684807
24.472380952
24.979591837
25.473015873
25.966961451
26.440136054
27.004081633
27.474285714
27.996734694
28.472108844
28.999183673
29.498775510
29.971655329
30.455396825
30.974693878
31.546122449
32.035918367
32.528979592
32.992244898
33.515192744
34.005736961
34.499229025
35.002857143
35.500226757
35.993378685
36.503718821
37.010045351
37.505668934
38.025192744
38.544988662
39.061836735
39.562244898
40.058503401
40.553106576
41.074353741
41.591156463
42.086417234
42.589455782
43.054965986
43.581179138
44.105011338
44.588639456
45.123945578
45.628412698
46.136575964
46.622040816
47.173877551
47.699591837
48.173061224
48.651814059
49.189501134
49.667233560
50.184126984
50.652040816
51.170158730
51.681655329
52.204920635
52.690952381
53.209478458
53.723854875
54.208798186
54.706848073
55.224149660
55.773333333
56.265986395