0.421587302
1.032063492
1.686190476
2.356825397
3.052698413
3.667301587
4.353015873
5.033650794
5.709206349
6.405079365
7.106031746
7.669841270
8.345396825
9.059886621
9.695079365
10.326349206
10.996825397
11.662222222
12.393650794
13.038730159
13.693968254
14.371383220
15.111768707
15.704421769
16.360544218
17.023310658
17.691428571
18.341587302
19.012063492
19.695941043
20.359931973
21.013333333
21.678730159
22.322108844
23.029841270
23.706122449
24.380952381
25.039659864
25.756734694
26.348843537
26.941972789
27.685442177
28.342857143
28.956734694
29.631564626
30.319455782
31.007346939
31.599342404
32.311065760
32.970521542
33.638117914
34.290249433
35.087392290
35.691972789
36.291541950
36.946961451
37.647482993
38.356598639
39.054512472
39.709705215
40.371768707
41.079727891
41.707278912
42.381678005
43.029319728