0.648594104
1.181133787
1.720362812
2.293832200
2.818163265
3.391473923
3.929523810
4.470680272
4.998344671
5.520158730
6.054149660
6.582562358
7.125238095
7.635306122
8.179773243
8.706802721
9.254195011
9.795011338
10.320952381
10.869274376
11.412040816
11.921700680
12.444217687
12.966507937
13.483809524
14.027687075
14.537165533
15.070861678
15.578911565
16.085419501
16.621133787
17.103673469
17.621746032
18.168956916
18.678163265
19.196848073
19.733537415
20.280793651
20.806190476
21.305578231
21.850000000
22.384399093
22.905804989
23.440317460
23.961269841
24.494852608
25.057777778
25.565827664
26.083038549
26.615532880
27.182811791
27.697596372
28.235306122
28.760204082
29.265011338
29.782721088
30.322517007
30.856485261
31.371519274
31.919115646
32.443877551
32.988548753
33.525986395
34.024988662
34.574104308
35.097551020
35.640544218
36.170770975
36.704512472
37.227210884
37.744489796
38.261292517
38.773605442
39.262562358
39.817346939
40.392653061
40.888843537
41.417210884
41.916938776
42.454535147
42.951609977
43.454671202
44.016281179
44.519115646
45.052312925
45.583877551
46.090136054
46.623537415
47.124285714
47.663945578
48.166099773
48.693446712
49.240725624
49.773945578
50.292789116
50.828185941
51.396984127
51.908707483
52.458004535
53.025351474
53.559546485
54.077573696
54.575170068
55.102743764
55.628276644
56.120340136
56.632811791
57.210113379
57.746598639
58.250022676
58.798480726
59.331428571
59.853741497
60.373287982
60.885464853
61.403605442
61.930204082
62.460861678
63.031315193
63.535555556
64.091700680
64.587233560
65.093582766
65.634988662
66.190068027
66.723741497
67.268412698
67.783038549
68.319297052
68.823151927
69.333922902
69.861405896
70.426485261
70.947709751
71.482517007
72.001950113
72.535102041
73.073401361
73.560249433
74.096734694
74.652267574
75.175192744
75.675714286