0.278639456
1.474625850
2.758639456
3.964081633
5.188299320
6.371405896
7.664081633
8.896213152
10.207800454
11.408276644
12.612154195
13.983492063
15.175963719
16.435623583
17.663265306
18.874693878
20.198526077
21.440000000
22.697891156
23.959727891
25.164240363
26.407210884
27.625374150
28.850793651
30.077868481
31.367029478
32.624263039
33.858820862
35.108140590
36.373786848
37.596961451
38.880453515
40.141723356
41.457414966
42.727142857
43.995215420
45.161201814
46.409138322
47.693786848
48.991995465
50.277006803
51.440770975
52.706485261
53.942811791
55.141700680
56.406757370
57.679115646
58.951065760
60.137687075
61.429387755
62.698208617
63.914036281
65.079727891
66.292947846
67.599092971
68.957460317
70.199977324
71.380113379
72.674693878
73.959024943
75.208934240
76.375056689
77.676530612
78.954240363
80.300408163