0.400544218
1.282902494
1.938866213
2.625578231
3.225351474
3.842312925
4.493151927
5.154829932
5.746938776
6.420317460
7.016190476
7.670612245
8.286734694
8.911428571
9.554081633
10.199365079
10.826303855
11.499682540
12.115011338
12.707120181
13.321972789
13.954671202
14.594013605
15.214875283
15.859229025
16.526802721
17.110226757
17.722630385
18.419229025
19.017278912
19.667301587
20.305850340
21.002448980
21.739682540
22.418866213
23.063219955
23.713378685
24.329160998
24.959183673
25.606870748
26.248435374
26.929342404
27.556281179
28.194829932
28.885623583
29.468798186
30.110476190
30.821587302
31.432789116
32.069229025
32.711179138
33.340839002
33.990317460
34.610340136
35.227891156
35.845918367
36.505396825
37.170793651
37.765079365
38.389841270
39.075555556
39.689410431
40.340317460
40.990476190
41.660952381
42.331428571
42.961269841
43.588390023
44.233628118
44.834580499
45.456462585
46.151111111
46.784512472
47.456507937
48.081269841
48.721473923
49.381587302
50.016507937
50.637074830
51.266031746
51.918185941
52.612063492