0.590634921
1.072993197
1.541836735
2.028843537
2.429387755
2.878548753
3.326258503
3.811836735
4.225306122
4.751088435
5.170476190
5.638095238
6.142630385
6.564965986
7.053061224
7.515623583
8.006530612
8.451201814
8.899047619
9.428253968
9.915646259
10.340136054
10.804240363
11.233628118
11.691632653
12.164399093
12.612403628
13.112721088
13.563877551
14.027596372
14.492086168
14.977981859
15.424172336
15.890748299
16.361768707
16.849433107
17.325873016
17.805283447
18.268503401
18.742607710
19.204988662
19.669637188
20.126802721
20.604943311
21.042811791
21.548004535
22.014693878
22.497959184
22.968163265
23.438866213
23.904149660
24.392290249
24.855691610
25.325850340
25.771224490
26.260952381
26.728208617
27.205600907
27.663832200
28.113219955
28.584512472
29.044217687
29.509342404
29.981587302
30.422925170
30.906666667
31.384693878
31.841859410
32.288344671
32.726122449
33.176780045
33.621723356
34.065464853
34.523877551
34.958526077
35.381043084
35.842766440
36.308095238
36.758866213
37.219342404
37.639478458
38.121247166
38.575328798
39.059523810
39.506258503
39.962607710
40.400907029
40.825759637
41.251791383
41.692131519
42.129138322
42.591609977
43.029727891
43.497278912
43.911836735
44.392358277
44.797301587
45.234240363
45.715056689
46.172403628
46.645192744
47.111020408
47.558662132
48.002857143
48.459727891
48.908390023
49.405328798
49.847845805
50.294058957
50.801632653
51.258775510
51.722448980
52.212244898
52.638594104
53.099365079
53.563015873
54.014195011
54.491428571
54.947392290
55.414671202
55.818435374
56.292721088
56.728684807
57.222902494
57.670952381
58.143854875
58.606485261
59.094217687