0.069659864
0.962585034
1.854693878
2.710204082
3.585306122
4.460408163
5.373650794
6.224467120
7.095986395
7.992585034
8.874081633
9.769795918
10.667165533
11.522380952
12.400362812
13.294444444
14.166938776
15.047573696
15.928163265
16.816326531
17.711020408
18.573061224
19.467755102
20.349387755
21.231020408
22.112653061
22.974693878
23.875918367
24.751020408
25.645714286
26.514285714
27.402448980
28.297142857
29.195464853
30.050272109
30.934512472
31.797551020
32.701111111
33.598503401
34.463696145
35.353582766
36.227641723
37.120476190
37.992630385
38.886031746
39.738775510
40.647913832
41.539092971
42.414489796
43.284897959
44.179591837
45.046213152
45.951972789
46.831700680
47.716938776
48.579274376
49.464353741
50.335192744
51.226122449
52.101224490
53.002448980
53.877551020
54.759183673
55.634285714
56.528185941
57.397551020
58.296780045
59.167346939
60.048458050
60.911020408
61.831179138
62.693877551
63.587029478
64.479501134
65.376213152
66.251655329
67.132539683
68.031768707
68.880680272
69.781950113