0.114285714
0.852244898
1.539886621
2.072789116
2.606530612
3.067868481
3.620136054
4.131700680
4.662857143
5.211428571
5.712108844
6.228027211
6.759183673
7.257301587
7.793197279
8.326530612
8.831564626
9.336598639
9.856870748
10.366258503
10.897414966
11.402448980
11.909659864
12.423401361
12.945850340
13.448707483
13.960272109
14.474013605
14.983650794
15.481519274
16.015238095
16.515918367
17.029659864
17.562993197
18.063673469
18.586122449
19.106394558
19.594013605
20.107755102
20.632380952
21.120000000
21.637120181
22.135827664
22.653174603
23.155306122
23.670680272
24.193287982
24.722721088
25.256054422
25.785034014
26.294421769
26.825578231
27.311020408
27.822585034
28.317233560
28.878367347
29.375102041
29.871020408
30.377006803
30.902857143
31.434013605
31.930340136
32.461496599
32.967165533
33.493537415
33.992040816
34.486258503
34.988253968
35.469410431
35.956439909
36.470793651
36.985487528
37.473582766
37.952766440
38.445963719
38.940680272
39.453968254
39.949206349
40.430770975
40.953219955
41.438004535
41.902380952
42.435419501
42.921496599
43.423492063
43.909682540
44.425215420
44.928911565
45.410657596
45.898435374
46.404172336
46.890929705
47.354920635
47.850158730
48.337868481
48.820022676
49.307006803
49.787936508
50.288253968
50.791111111
51.304625850
51.785170068
52.289455782
52.786530612
53.258163265
53.752335601
54.238412698
54.721156463
55.220000000
55.703514739
56.204784580
56.704557823
57.216507937
57.701587302
58.219682540
58.730158730
59.233560091
59.723492063
60.221541950
60.721632653
61.219047619
61.673650794
62.165124717
62.668707483
63.157233560
63.653605442
64.138435374
64.625804989