0.254353741
0.743854875
1.229886621
1.724693878
2.228140590
2.738730159
3.229070295
3.697324263
4.211020408
4.705192744
5.193854875
5.707165533
6.183514739
6.737392290
7.190430839
7.681337868
8.169501134
8.677981859
9.155306122
9.668299320
10.161995465
10.630453515
11.159523810
11.662766440
12.141088435
12.607709751
13.134897959
13.625941043
14.110589569
14.598231293
15.113378685
15.626326531
16.093287982
16.598616780
17.113514739
17.578571429
18.078276644
18.587936508
19.079342404
19.569931973
20.062108844
20.546077098
21.066530612
21.521405896
22.029931973
22.527097506
23.046825397
23.539387755
24.027074830
24.518458050
25.008503401
25.522176871
25.993129252
26.500476190
27.017868481
27.506009070
27.977301587
28.475736961
28.969591837
29.498027211
29.950090703
30.441950113
30.953151927
31.442857143
31.933560091
32.465714286