0.452789116
1.098004535
1.884263039
2.584263039
3.252018141
3.971496599
4.687165533
5.387437642
6.114149660
6.851451247
7.530068027
8.211836735
8.919070295
9.659002268
10.363877551
11.180408163
11.836439909
12.532358277
13.256666667
13.965895692
14.651746032
15.352063492
16.073287982
16.769773243
17.502675737
18.204988662
18.926643991
19.615510204
20.320181406
21.036190476
21.740249433
22.430657596
23.172040816
23.887324263
24.588934240
25.330884354
26.070113379
26.778798186
27.476326531
28.168526077
28.886394558
29.597596372
30.337913832
31.068299320
31.801065760
32.542426304
33.245691610
33.971950113
34.720430839
35.448412698
36.134807256
36.847845805
37.545714286
38.253446712
38.956961451
39.672222222
40.382380952
41.134761905
41.834897959
42.538888889
43.248004535
43.960793651
44.646303855
45.372222222
46.086167800
46.768956916
47.469183673
48.168231293
48.873333333
49.577233560
50.292086168
51.011541950
51.720657596
52.431587302
53.164489796
53.849682540
54.551247166
55.253492063
55.969070295
56.651564626
57.315306122
58.054716553
58.773741497
59.468707483
60.190022676
60.887641723
61.622811791
62.306530612
62.999909297
63.722040816
64.405782313
65.115782313
65.845034014
66.522607710
67.217845805
67.951473923
68.618911565
69.321972789
70.001746032
70.738707483
71.406303855
72.101224490
72.773106576
73.480952381
74.184512472
74.906643991
75.570294785
76.268231293
76.968956916
77.670589569
78.353083900
79.050136054
79.757732426
80.437709751
81.143197279
81.869705215
82.567551020
83.252176871
83.968548753
84.634761905
85.333764172
86.054943311
86.719546485
87.458934240
88.164829932
88.852267574
89.511405896
90.201428571
90.927913832
91.632018141
92.297641723
93.028616780
93.702585034
94.420770975
95.123219955
95.848299320
96.536077098
97.250657596
97.949251701
98.616213152
99.313696145
100.023764172
100.704852608
101.411995465
102.243265306