1.175510204
2.251156463
3.454693878
4.332743764
5.133764172
6.125714286
7.107346939
7.974399093
8.727845805
9.490317460
10.192539683
10.775510204
11.422040816
11.996734694
12.584489796
13.159183673
13.760000000
14.271723356
14.825850340
15.363265306
15.929070295
16.469931973
16.990952381
17.529659864
18.106417234
18.675578231
19.229886621
19.811519274
20.309070295
20.838684807
21.382698413
21.906848073
22.426190476
22.988344671
23.540702948
24.105646259
24.632199546
25.208163265
25.726870748
26.288004535
26.820680272
27.354739229
27.929705215
28.445147392
28.976145125
29.519024943
30.038979592
30.562902494
31.094058957
31.655804989
32.196598639
32.711972789
33.256235828
33.816507937
34.386530612
34.921065760
35.443356009
35.974149660
36.525646259
37.059160998
37.578208617
38.126122449
38.643741497
39.207709751
39.729705215
40.292970522
40.827437642
41.389478458
41.932857143
42.455510204
42.959705215
43.509977324
44.056485261
44.598208617
45.133582766
45.668571429
46.217142857
46.741836735
47.259523810
47.803877551
48.335510204
48.871700680
49.457551020
49.993854875
50.538004535
51.061224490
51.609795918
52.179092971
52.675532880
53.261269841
53.787210884
54.322222222
54.872244898
55.422653061
55.926031746
56.447596372
56.974693878
57.543197279
58.105600907
58.664489796
59.195555556
59.728276644
60.272517007
60.813061224
61.316575964
61.867233560
62.425374150
62.981224490
63.531065760
64.055510204
64.609455782
65.131133787
65.632834467
66.202562358
66.744467120
67.309365079
67.843945578
68.374535147
68.924285714
69.496009070
70.044195011
70.560204082
71.126530612
71.668888889
72.182290249
72.724172336
73.282925170
73.805102041
74.328004535
74.892925170
75.429886621
76.012086168
76.532040816
77.058367347
77.614285714
78.161179138
78.700702948
79.260498866
79.783446712
80.340997732
80.858344671
81.371428571
81.910113379
82.432086168
82.979954649
83.547460317
84.096235828
84.625578231
85.159501134
85.672993197
86.240839002
86.775600907
87.288435374
87.859297052
88.377709751
88.929092971
89.453809524
89.999183673
90.491723356
91.039274376
91.578049887
92.142653061
92.704353741
93.225510204
93.775623583
94.305147392
94.841904762
95.399183673
95.909002268
96.484716553
97.036712018
97.596371882
98.094557823
98.641269841
99.200000000
99.736961451
100.259410431
100.812312925
101.329433107
101.904648526
102.404897959
102.925283447
103.472244898
104.028117914
104.575510204
105.120204082
105.645714286
106.198526077
106.745192744
107.272335601
107.807460317
108.349070295
108.871451247