0.150929705
0.690793651
1.221632653
1.748253968
2.260566893
2.734149660
3.233378685
3.760521542
4.251315193
4.762176871
5.274195011
5.788004535
6.289546485
6.780997732
7.282902494
7.798412698
8.287505669
8.759727891
9.302993197
9.781405896
10.280634921
10.756643991
11.291814059
11.787233560
12.268435374
12.753560091
13.290136054
13.800158730
14.286122449
14.756281179
15.282925170
15.796371882
16.283718821
16.811587302
17.310476190
17.815510204
18.319569161
18.828639456
19.322539683
19.818231293
20.341791383
20.829206349
21.321723356
21.832108844
22.305668934
22.813605442
23.322267574
23.817460317
24.325215420
24.816326531
25.274920635
25.797369615
26.337233560
26.819047619
27.300861678
27.834920635
28.328684807
28.852879819
29.321768707
29.838004535
30.300385488
30.812244898
31.275238095
31.798979592
32.318435374