0.386031746
1.108412698
1.726984127
2.359705215
3.071609977
3.723786848
4.343174603
4.980362812
5.592403628
6.228594104
6.873197279
7.511655329
8.091428571
8.680385488
9.261882086
9.904761905
10.504126984
11.080272109	here
11.718095238
12.403809524
13.008888889
13.607619048
14.225374150
14.813106576
15.405714286
16.058117914
16.660725624
17.300317460
17.887913832
18.525600907
19.151360544
19.773401361
20.396439909
20.964376417	here
21.607619048
22.215736961
22.828866213
23.413514739
24.017755102
24.599365079
25.205963719
25.793015873
26.387301587
26.987528345
27.575442177
28.161609977
28.766303855
29.368820862
29.946371882
30.613333333	here
31.253333333
31.858367347
32.497777778
33.102222222
33.726984127
34.301179138
34.915555556
35.484444444
36.093968254
36.667936508
37.277936508
37.895487528
38.526984127
39.146666667
39.746054422
40.441904762	here
41.031111111
41.645079365
42.244172336
42.869863946
43.470498866
44.057324263
44.694467120
45.283401361
45.878208617
46.505691610
47.076621315
47.680453515
48.277800454
48.877641723
49.462244898
50.025102041	here
50.634965986
51.245714286
51.826507937
52.445600907
53.009727891
53.622857143
54.203469388
54.821972789
55.402653061
55.992607710
56.577641723
57.180476190
57.791609977
58.356825397
58.993628118
59.631746032	here
60.226031746
60.833310658
61.495873016
62.110476190
62.725079365
63.344761905
63.949206349
64.530680272
65.141496599
65.762539683
66.367777778
66.971428571
67.576122449
68.165079365
68.794920635
69.417029478	here
70.080000000
70.695192744
71.286462585
71.891292517
72.460680272
73.130045351
73.710204082
74.289841270
74.890272109
75.465464853
76.045283447
76.625691610
77.228503401
77.836258503
78.426666667
79.087165533	here
79.708299320
80.291768707
80.908004535
81.499977324
82.092176871
82.712834467
83.240634921
83.844671202
84.448253968
85.001541950
85.601201814
86.199954649
86.755555556
87.324444444
87.901882086
88.535079365	here
89.093469388
89.689024943
90.292403628
90.915555556
91.510861678
92.231111111
92.782267574
93.388458050
94.010113379
94.569682540
95.127959184
95.732471655
96.311156463
96.928798186
97.486780045
98.083809524	here