1.297664399
3.047233560
4.491632653
5.842743764
7.124353741
8.385147392
9.612040816
10.804195011
12.061723356
13.275192744
14.487732426
15.692403628
16.925442177
18.195464853
19.356031746
20.438798186
21.617823129
22.739229025
23.872902494
25.043968254
26.141746032
27.363424036
28.468684807
29.590929705
30.737414966
31.869387755
32.988594104
34.162358277
35.381405896
36.513378685
37.576462585
38.677437642
39.865759637
40.923560091
42.002539683
42.956916100
43.914739229
44.976077098
45.928412698
46.860408163
47.769659864
48.767165533
49.723106576
50.730612245
51.642811791
52.571700680
53.452970522
54.337823129
55.271428571
56.193424036
57.054013605
57.909047619
58.830090703
59.705714286
60.528004535
61.445804989
62.279818594
63.172789116
63.969024943
64.837233560
65.686099773
66.539773243
67.404716553
68.187755102
68.888344671
69.585124717
70.273446712
70.902063492
71.518775510
72.155328798
72.776575964
73.428163265
74.187755102
74.898866213
75.551927438
76.151383220
76.804943311
77.502675737
78.184489796
78.808299320
79.452403628
80.108662132
80.760793651
81.421065760
82.040544218
82.674353741
83.322947846
83.989297052
84.618662132
85.291541950
85.937120181
86.591088435
87.288140590
87.922176871
88.574195011
89.251700680
89.837959184
90.469115646
91.060385488
91.626938776
92.096145125
92.575056689
93.141043084
93.663492063
94.159501134
94.721065760
95.257551020
95.793605442
96.293764172
96.861768707
97.372222222
97.922902494
98.496485261
99.024761905
99.554920635
100.089002268
100.628458050
101.178911565
101.686712018
102.211678005
102.741224490
103.290340136
103.805487528
104.354580499
104.870408163
105.401995465
105.935238095
106.474353741
106.986190476
107.538639456
108.085056689
108.604444444
109.137868481
109.676009070
110.228548753
110.742403628
111.250521542
111.777142857
112.288503401
112.842426304
113.351201814
113.888526077
114.423106576
114.938299320
115.458684807
116.003764172
116.535555556
117.054648526
117.579727891
118.113151927
118.652766440
119.171541950
119.685759637
120.204580499
120.706916100
121.238730159
121.774353741
122.301405896
122.810181406
123.330725624
123.842312925