0.443582766
1.208752834
1.973696145
2.610521542
3.140907029
3.719070295
4.273401361
4.830113379
5.361904762
5.942358277
6.525215420
7.045124717
7.645170068
8.177324263
8.736303855
9.257346939
9.781133787	here
10.349523810
10.898888889
11.411972789
11.942131519
12.476349206
13.029138322
13.578843537
14.125714286
14.672698413
15.193696145
15.722879819
16.264603175
16.797664399
17.346303855
17.894149660
18.442448980	here
18.945328798
19.497868481
20.050408163
20.578412698
21.135396825
21.656689342
22.194716553
22.698299320
23.262721088
23.814149660
24.310657596
24.806349206
25.343015873
25.882380952
26.394263039
26.932244898	here
27.465918367
27.985850340
28.530045351
29.065986395
29.623718821
30.130952381
30.672653061
31.179614512
31.717392290
32.278367347
32.793832200
33.298707483
33.857006803
34.374943311
34.898004535
35.413106576	here
35.979047619
36.523129252
37.031020408
37.555215420
38.130498866
38.646530612
39.161519274
39.678480726
40.216054422
40.730294785
41.270589569
41.778367347
42.295306122
42.826961451
43.354557823
43.920544218	here
44.397301587
44.927845805
45.478276644
45.978843537
46.496916100
47.025623583
47.560907029
48.063333333
48.604625850
49.141632653
49.658390023
50.182086168
50.705260771
51.211405896
51.745578231
52.288435374	here
52.793469388
53.342040816
53.847074830
54.350226757
54.878571429
55.403718821
55.916916100
56.476734694
56.999183673
57.539047619
58.026666667
58.557823129
59.051247166
59.580952381
60.091292517
60.594603175	here
61.117278912
61.640816327
62.177981859
62.695192744
63.204399093
63.740045351
64.259024943
64.757392290
65.273922902
65.799070295
66.348117914
66.859092971
67.391043084
67.929478458
68.411723356
68.920748299	here