1.201632653
2.048684807
2.696485261
3.297687075
3.934988662
4.575328798
5.192789116
5.800158730
6.367913832
6.978934240
7.529614512
8.150204082
8.681156463
9.252675737
9.828526077
10.383129252
10.918548753	here
11.517097506
12.051224490
12.605578231
13.189342404
13.768775510
14.367097506
14.937687075
15.486870748
16.068208617
16.622539683
17.218117914
17.797324263
18.364625850
18.926394558
19.497278912
20.068956916	here
20.639682540
21.213424036
21.783809524
22.354421769
22.903083900
23.501950113
24.079160998
24.633968254
25.225124717
25.799818594
26.384784580
26.996394558
27.544693878
28.098752834
28.648140590
29.213741497	here
29.782925170
30.354421769
30.918866213
31.502698413
32.080430839
32.681541950
33.253356009
33.854603175
34.384920635
34.950158730
35.541383220
36.048979592
36.649682540
37.199569161
37.743469388
38.284217687	here
38.860136054
39.439002268
39.991043084
40.600090703
41.192199546
41.715759637
42.317256236
42.866213152
43.427210884
44.031609977
44.575759637
45.140498866
45.713582766
46.249818594
46.803038549
47.386780045	here
47.915510204
48.484875283
49.055170068
49.632789116
50.187687075
50.743015873
51.317732426
51.879795918
52.435759637
53.018798186
53.555963719
54.130453515
54.645759637
55.199229025
55.776712018
56.303718821	here
56.866462585
57.467755102
58.024013605
58.582811791
59.158480726
59.744943311
60.364852608
60.864195011
61.432199546
62.023106576
62.615918367
63.175918367
63.749523810
64.280136054
64.884467120
65.429727891	here
65.941768707
66.472244898
67.072517007
67.636848073
68.212834467
68.789659864
69.342789116
69.933083900
70.492993197
71.067482993
71.647278912
72.230861678
72.764897959
73.324489796
73.990385488
74.861133787	here