7.188888889
7.767074830
8.315646259
8.871337868
9.425056689
9.980272109
10.502222222
11.058435374
11.633197279
12.154716553
12.696167800
13.261882086
13.777256236
14.293333333
14.881088435
15.391519274
15.902312925
16.432857143
16.945736961
17.467210884
18.005306122
18.517913832
19.025442177
19.524761905
20.028956916
20.557142857
21.088526077
21.574013605
22.042358277
22.546575964
23.067709751
23.584240363
24.069092971
24.599138322
25.110839002
25.626643991
26.144580499
26.645827664
27.165192744
27.694807256
28.201519274
28.711201814
29.178775510
29.653333333
30.203356009
30.731609977
31.236643991
31.747482993
32.239455782
32.741133787
33.224625850
33.739433107
34.230680272
34.720068027
35.208412698
35.718412698
36.211156463
36.706326531
37.175464853
37.687165533
38.144761905
38.632857143
39.114331066
39.607097506
40.082290249
40.570000000
41.060249433
41.570022676
42.061360544
42.561292517
43.073061224
43.561315193
44.047936508
44.542312925
45.059319728
45.573537415
46.063310658
46.580204082
47.089546485
47.595396825
48.077687075