1.052063492
2.066757370
2.943605442
3.699342404
4.381836735
4.983106576
5.621927438
6.242063492
6.820204082
7.417777778
8.005419501
8.588548753
9.121904762
9.701995465
10.250839002
10.814104308
11.408072562
11.980294785
12.518594104
13.051473923
13.610816327
14.136303855
14.655419501
15.218072562
15.742517007
16.271179138
16.804829932
17.350340136
17.928367347
18.444716553
18.979002268
19.521995465
20.067573696
20.623083900
21.128390023
21.644761905
22.173401361
22.703628118
23.237551020
23.745147392
24.281065760
24.813265306
25.326371882
25.859274376
26.393537415
26.927097506
27.459342404
27.947777778
28.499002268
29.034965986
29.598412698
30.135396825
30.668752834
31.201156463
31.713333333
32.229977324
32.759342404
33.274126984
33.793401361
34.334671202
34.853219955
35.417165533
35.930249433
36.462199546