0.805646259
1.430929705
2.000702948
2.560000000
3.163287982
3.734829932
4.328911565
4.884036281
5.483832200
6.048707483
6.653401361
7.201156463
7.751065760
8.370793651
8.962902494
9.537709751
10.110748299
10.726916100
11.301428571
11.862857143
12.425827664
12.998004535
13.582222222
14.213514739
14.796031746
15.394648526
15.942925170
16.520090703
17.114195011
17.695147392
18.295532880
18.877823129
19.472834467
20.053333333
20.631768707
21.243356009
21.742585034
22.360634921
22.968004535
23.544852608
24.123922902
24.718027211
25.318004535
25.895124717
26.475714286
27.069365079
27.671791383
28.283764172
28.863492063
29.434920635
29.984399093
30.541496599
31.131247166
31.729092971
32.325578231
32.914421769
33.502040816
34.104308390
34.655782313
35.228480726
35.802766440
36.357369615
36.981791383
37.564875283
38.159977324