1.388843537
1.931723356
2.431904762
2.946054422
3.427120181
3.945986395
4.439365079
4.947301587
5.465396825
5.983492063
6.497959184
7.020408163
7.532698413
8.027369615
8.523174603
9.041269841
9.513650794
10.006349206
10.548956916
11.017142857
11.525079365
11.982222222
12.522290249
13.020340136
13.499229025
14.000385488
14.498594104
14.998707483
15.486621315
15.949727891
16.454399093
16.927052154
17.381587302
17.872108844
18.358276644
18.854603175
19.366145125
19.863129252
20.317460317
20.784761905
21.297936508
21.759841270
22.248820862
22.731111111
23.217777778
23.698639456
24.186167800
24.670022676
25.146213152
25.635124717
26.136575964
26.616303855
27.083356009
27.596303855
28.076303855
28.546394558
29.061678005
29.529523810
30.037505669
30.514104308
30.998639456
31.486689342
31.979727891
32.480725624
32.947913832
33.433809524
33.906938776
34.420634921
34.894081633
35.381224490
35.862766440
36.367913832
36.832653061
37.328979592
37.820952381
38.308571429
38.780952381
39.258412698
39.715555556
40.229092971
40.695873016
41.183424036
41.666031746
42.158730159
42.651428571
43.116462585
43.626099773
44.115124717
44.591746032
45.069206349
45.567142857
46.047959184
46.546553288
47.013877551
47.484081633
47.941224490
48.468526077
48.949682540
49.441746032
49.928571429
50.414897959
50.913537415
51.403832200
51.885079365
52.384671202
52.881156463
53.408231293
53.897460317
54.382290249
54.881201814
55.367596372
55.848299320
56.347324263
56.856145125
57.329591837
57.820090703
58.308208617
58.798390023
59.284013605
59.785691610
60.285419501
60.760816327
61.272063492
61.766145125
62.252879819
62.734943311
63.215963719
63.698888889
64.130612245
64.633469388
65.149387755
65.613061224
66.076734694
66.583038549
67.010612245
67.500408163
68.016326531
68.493061224
68.983877551
69.464875283
69.929795918
70.413061224
70.909387755
71.367709751
71.857573696
72.337392290
72.854058957
73.329954649
73.812811791
74.300362812
74.800340136
75.287346939
75.762517007
76.266031746
76.739047619
77.217959184
77.749115646
78.236349206
78.734535147
79.213628118
79.694149660
80.182312925
80.653310658
81.154512472
81.632970522
82.117528345
82.626281179
83.100521542
83.566621315
84.031882086
84.558866213
85.051814059
85.527029478
86.002789116
86.460362812
86.965419501
87.444104308
87.919818594
88.422993197
88.918072562
89.394671202
89.883015873
90.351020408
90.847346939
91.311020408
91.800816327
92.301405896
92.767346939
93.237551020
93.714285714
94.191020408
94.691360544
95.147324263