0.702403628
1.184240363
1.650793651
2.119183673
2.584829932
3.098775510
3.552653061
4.025306122
4.493061224
4.987936508
5.459591837
5.924625850
6.394693878
6.902857143
7.374648526
7.846281179
8.300204082
8.767936508
9.255056689
9.747256236
10.218979592
10.702925170
11.165487528
11.642244898
12.112721088
12.568616780
13.045238095
13.521609977
13.994308390
14.489342404
14.971133787
15.414875283
15.880748299
16.369795918
16.845215420
17.316734694
17.768775510
18.232857143
18.702426304
19.185124717
19.652290249
20.140748299
20.591950113
21.069070295
21.533401361
21.985215420
22.503151927
22.949501134
23.401315193
23.880997732
24.349727891
24.816303855
25.283628118
25.780929705
26.247959184
26.717596372
27.170521542
27.671451247
28.150770975
28.593197279
29.054897959
29.523922902
29.989092971
30.449115646
30.923628118
31.397324263
31.865283447
32.348299320
32.795147392
33.275306122
33.718072562
34.173990930
34.644467120
35.139637188
35.592426304
36.070249433
36.522403628
37.001496599
37.466145125
37.945963719
38.424852608