0.084897959
0.596462585
1.101496599
1.577142857
2.034285714
2.524444444
3.047619048
3.550476190
4.078367347
4.551836735
5.071020408
5.530430839
6.019523810
6.517188209
7.023877551
7.497142857
7.993469388
8.516281179
8.982630385
9.488253968
9.982040816
10.468117914
10.935873016
11.404104308
11.895736961
12.387505669
12.860362812
13.351496599
13.843718821
14.335986395
14.832653061
15.329523810
15.812063492
16.304331066
16.798662132
17.298730159
17.786689342
18.277210884
18.766258503
19.280136054
19.779047619
20.280793651
20.767528345
21.277233560
21.740748299
22.249183673
22.718684807
23.202539683
23.664761905
24.203174603
24.645192744
25.144920635
25.658775510
26.119183673
26.620113379
27.116780045
27.588253968
28.097596372
28.595578231
29.066235828
29.552176871
30.057233560
30.553038549
31.046145125
31.527800454
32.008616780
32.499977324
32.986349206
33.466802721
33.997528345
34.451746032
34.933310658
35.408979592
35.881632653
36.393650794
36.855396825
37.348616780
37.851746032
38.332380952
38.801632653
39.296122449