0.879455782
1.474467120
2.069478458
2.658684807
3.274013605
3.857414966
4.368253968
4.961179138
5.509297052
6.007596372
6.556734694
7.116190476
7.664761905
8.267755102
8.852607710
9.404081633
9.932335601	here
10.475102041
11.038185941
11.550476190
12.139682540
12.718730159
13.333333333
13.795918367
14.318367347
14.873469388
15.428571429
15.947755102
16.496326531
17.100408163
17.652970522
18.285714286
18.839365079	here
19.438730159
19.859591837
20.388571429
20.994013605
21.513446712
22.028798186
22.556485261
23.066984127
23.606530612
24.116984127
24.631292517
25.177981859
25.788662132
26.319342404
26.890158730
27.423492063	here
27.974421769
28.494217687
29.029251701
29.564058957
30.145646259
30.679410431
31.209455782
31.762471655
32.300181406
32.850544218
33.408185941
33.944671202
34.532426304
35.098412698
35.620861678
36.153469388	here
36.682448980
37.194648526
37.674376417
38.255238095
38.747936508
39.243174603
39.794285714
40.325079365
40.838095238
41.343492063
41.867755102
42.372494331
42.958730159
43.428571429
43.936507937
44.529523810	here