0.185759637
0.620408163
1.103673469
1.560816327
2.031020408
2.507755102
2.999795918
3.438798186
3.913650794
4.378730159
4.829773243
5.277913832
5.771768707
6.223673469
6.726349206
7.196734694
7.661723356
8.112244898
8.603673469
9.084104308
9.543582766
9.995623583
10.479931973
10.931451247
11.427142857
11.908979592
12.374580499
12.845963719
13.327324263
13.792312925
14.257346939
14.717165533
15.184943311
15.668072562
16.143174603
16.647551020
17.131904762
17.581360544
18.049365079
18.519705215
18.996712018
19.442970522
19.944058957
20.404399093
20.869160998
21.315578231
21.828956916
22.312947846
22.797052154
23.262018141
23.748707483
24.233560091
24.720702948
25.180725624
25.644535147
26.150884354
26.611383220
27.061541950
27.528253968
28.042743764
28.524217687
28.973877551
29.465873016