1.625396825
2.449705215
3.320453515
3.993832200
4.539501134
5.131609977
5.714920635
6.249569161
6.788503401
7.323650794
7.853401361
8.404875283
8.921428571
9.411927438
9.957891156
10.462494331
10.976371882
11.509319728
12.022108844
12.520272109
13.032607710
13.520090703
14.077278912
14.577891156
15.077505669
15.591201814
16.116802721
16.649297052
17.140657596
17.656009070
18.181836735
18.656394558
19.163106576
19.670158730
20.174557823
20.665124717
21.152675737
21.659319728
22.166349206
22.676961451
23.184308390
23.629206349
24.147301587
24.655736961
25.129297052
25.641269841
26.126213152
26.635124717
27.111995465
27.629342404
28.139795918
28.643061224
29.149909297
29.658435374
30.170022676
30.633061224
31.116349206
31.592517007
32.093741497
32.610725624
33.114512472
33.598412698
34.084081633
34.593333333
35.081133787
35.588594104
36.055827664
36.544240363
37.033356009
37.541315193
38.048321995
38.493832200
38.961950113
39.451360544
39.944535147
40.455034014
40.944308390
41.453492063
41.939773243
42.412403628
42.933696145