0.557278912
1.419501134
2.184421769
2.957437642
3.737142857
4.541927438
5.299229025
6.073900227
6.850657596
7.605918367
8.344988662
9.138344671
9.918639456
10.683650794
11.442448980
12.205306122
12.936916100
13.694353741
14.423492063
15.146371882
15.881315193
16.636394558
17.332993197
18.082562358
18.826757370
19.551995465
20.269342404
20.965124717
21.712471655
22.462902494
23.233378685
23.977959184
24.668367347
25.429841270
26.123922902
26.848707483
27.581882086
28.383219955
29.120952381
29.852176871
30.538072562
31.300521542
31.960816327
32.715464853
33.405578231
34.156712018
34.863287982
35.591814059
36.289455782
37.018662132
37.734693878
38.442426304
39.150544218
39.918662132
40.636598639
41.378027211
42.071156463
42.783446712
43.454875283
44.195102041
44.916190476
45.654104308
46.399591837
47.117165533
47.868730159
48.640793651
49.400498866
50.148049887
50.880929705
51.622857143
52.385827664
53.147074830
53.899251701
54.638798186
55.392993197
56.151133787
56.899659864
57.673174603
58.430884354
59.167029478
59.919886621
60.627823129
61.319750567
62.047891156
62.792766440
63.518027211
64.231337868
64.977074830
65.698185941
66.423582766
67.184126984
67.899410431
68.620498866
69.362040816
70.076984127
70.800997732
71.560884354
72.334807256
73.071768707
73.780000000
74.500907029
75.237256236
75.983628118
76.713968254
77.424172336
78.183083900
78.884240363
79.581995465
80.272086168
81.019319728
81.762471655
82.476757370
83.200362812
83.965827664
84.688208617
85.372675737
86.075283447
86.838117914
87.535351474
88.236281179
88.954217687
89.688639456
90.366802721
91.088117914
91.788321995
92.552766440
93.289024943
94.037482993
94.788185941
95.492970522
96.233197279
96.952698413
97.672879819
98.400589569
99.097981859
99.837029478
100.572721088
101.322154195
102.034126984
102.742585034
103.450975057
104.219931973
104.961519274
105.706938776
106.554603175