0.974965986
1.939433107
2.915736961
3.789727891
4.675487528
5.592358277
6.530612245
7.418117914
8.307891156
9.273038549
10.204308390
11.101882086
12.023378685
12.826235828
13.696870748
14.535918367
15.534149660
16.423537415
17.325238095
18.207188209
19.092562358
20.005374150
20.932244898
21.825873016
22.712743764
23.600544218
24.515442177
25.410113379
26.218231293
27.053015873
27.942312925
28.830476190
29.726961451
30.632789116
31.556802721
32.452721088
33.307210884
34.205351474
35.097278912
35.924625850
36.815804989
37.699954649
38.602607710
39.517641723
40.371564626
41.308299320
42.186077098
43.073582766
43.950793651
44.855011338
45.771746032
46.621405896
47.511814059
48.384512472
49.249523810
50.120272109
50.987346939
51.851360544
52.771247166
53.657551020
54.542131519
55.412743764
56.276462585
57.153446712
58.023877551
58.958367347
59.814126984
60.720226757
61.584331066
62.451133787
63.303401361
64.190929705
65.027482993
65.905464853
66.777301587
67.665850340
68.525147392
69.389047619
70.220816327
71.108843537
71.997142857
72.872199546
73.704467120
74.553741497
75.405102041
76.262789116
77.101746032
77.975510204
78.802721088
79.706167800
80.555623583
81.441065760
82.290385488
83.136689342
83.959115646
84.804331066
85.671428571
86.539614512
87.374807256
88.222108844
89.055396825
89.919501134
90.739297052
91.552267574
92.407369615
93.276349206
94.096122449
94.946394558
95.805374150
96.670136054
97.492131519
98.354399093
99.187301587
100.051836735
100.914036281
101.738367347
102.586598639
103.418888889
104.251882086
105.107346939
105.953605442
106.803446712
107.672244898
108.539637188
109.402721088
110.271904762
111.112698413
111.960907029
113.339024943