0.139319728
0.827210884
1.519455782
2.198639456
2.871587302
3.565736961
4.234263039
4.891995465
5.548095238
6.267845805
6.931882086
7.579863946
8.289523810
8.968299320
9.630476190
10.311904762
10.995487528
11.659319728
12.357120181
12.991564626
13.657687075
14.336961451
15.050884354
15.720702948
16.382335601
17.068435374
17.737097506
18.433015873
19.125986395
19.818231293
20.519183673
21.194013605
21.894965986
22.601814059
23.288163265
23.984535147
24.707482993
25.395374150
26.091972789
26.784195011
27.459047619
28.155646259
28.858072562
29.531836735
30.194489796
30.878049887
31.537120181
32.216417234
32.888163265
33.582993197
34.288730159
34.938775510
35.678911565
36.384217687
37.054693878
37.725170068
38.386938776
39.078548753
39.790045351
40.448276644
41.051428571
41.704489796
42.370181406
43.014943311
43.666462585
44.339047619
44.998888889
45.683809524
46.322312925
46.965215420
47.677823129
48.307959184
48.968367347
49.597823129
50.259591837
50.907551020
51.533356009
52.231836735
52.893605442
53.533696145
54.217346939
54.877845805
55.546099773
56.199977324
56.868571429
57.504217687
58.213877551
58.848866213
59.483786848
60.150294785
60.830476190
61.479206349
62.115328798
62.779251701
63.473197279
64.115600907
64.775215420