0.574693878
1.358367347
2.035351474
2.643990930
3.270680272
3.920385488
4.570907029
5.146122449
5.772698413
6.399433107
7.036394558
7.634648526
8.252879819
8.889433107
9.502426304
10.100408163
10.694081633
11.311020408
11.966802721
12.521360544
13.151904762
13.768798186
14.403151927
14.985442177
15.586167800
16.190657596
16.753197279
17.368775510
17.944671202
18.598458050
19.203106576
19.736961451
20.353605442
20.968412698
21.602086168
22.178548753
22.806349206
23.456507937
24.025396825
24.624761905
25.206938776
25.767619048
26.433015873
27.001904762
27.631020408
28.180634921
28.720022676
29.284217687
29.879931973
30.478027211
31.060294785
31.655986395
32.216258503
32.808752834
33.369591837
33.976938776
34.556643991
35.160952381
35.743537415
36.330566893
36.891360544
37.459591837
38.016870748
38.608979592
39.215170068
39.749659864
40.349002268
40.922993197
41.478820862
42.063061224
42.632517007
43.191428571
43.775170068
44.391519274
44.990249433
45.578548753
46.178390023
46.740566893
47.323378685
47.904285714
48.447142857
49.064875283
49.660385488
50.209637188
50.776417234
51.366371882
51.942471655
52.538458050
53.110680272
53.714761905
54.325895692
54.920907029
55.511451247
56.110385488
56.662448980
57.266213152
57.840249433
58.447732426
59.036734694
59.640453515
60.232562358
60.836281179
61.370340136
61.962448980
62.561995465
63.155011338
63.756938776
64.377324263
64.952018141
65.531678005
66.089795918
66.671927438
67.306666667