0.385306122
0.960000000
1.495510204
1.978775510
2.489659864
2.958367347
3.428571429
3.897845805
4.383061224
4.858775510
5.308934240
5.800476190
6.254761905
6.727346939
7.203741497
7.618662132
8.069750567
8.559750567
9.011451247
9.498979592
9.939410431
10.382448980
10.858662132
11.303514739
11.791927438
12.254240363
12.703900227
13.144761905
13.612086168
14.079841270
14.532585034
14.999047619
15.450045351
15.901043084
16.351609977
16.822857143
17.292244898
17.761678005
18.216734694
18.683129252
19.141678005
19.582879819
20.025283447
20.497551020
20.969795918
21.395260771
21.882018141
22.315578231
22.803718821
23.248684807
23.719433107
24.183287982
24.662335601
25.128888889
25.592040816
26.035941043
26.488163265
26.989024943
27.422040816
27.863945578
28.335600907
28.836281179
29.293424036
29.733877551
30.202970522