0.078707483
0.491496599
0.885986395
1.258231293
1.652244898
2.054965986
2.488163265
2.858231293
3.282721088
3.667301587
4.059138322
4.464852608
4.880770975
5.310045351
5.704965986
6.077188209
6.493287982
6.908843537
7.324444444
7.716281179
8.116825397
8.543492063
8.955646259
9.360544218
9.761088435
10.176802721
10.551292517
10.959455782
11.383945578
11.785578231
12.183945578
12.569251701
12.993741497
13.391065760
13.805442177
14.233582766
14.636190476
15.047619048
15.462312925
15.834557823
16.236190476
16.673741497
17.061269841
17.486802721
17.901496599
18.319455782
18.685170068
19.109659864
19.552403628
19.975532880
20.391723356
20.850068027
21.262789116
21.695124717
22.108934240
22.526394558
22.970158730
23.370884354
23.782312925
24.236190476
24.663945578
25.065578231
25.477006803
25.898231293
26.329251701
26.721088435
27.145578231
27.566802721
27.939047619
28.369546485
28.817414966
29.187006803
29.610975057
30.009251701
30.445419501
30.887619048
31.374149660
31.739863946
32.115374150
32.523446712
32.946349206
33.369433107
33.778140590
34.193696145
34.593741497
35.005170068
35.423129252
35.850884354
36.226394558
36.650884354
37.055782313
37.506394558
37.912335601
38.277006803
38.704761905
39.106394558
39.498231293
39.939047619
40.363537415
40.768435374
41.166802721
41.581496599
41.995192744
42.446666667
42.835374150
43.273900227
43.671292517
44.102290249
44.514603175
44.915374150
45.323537415
45.768707483