0.417959184
1.139183673
1.718798186
2.301428571
2.834285714
3.400362812
3.963696145
4.474444444
5.033673469
5.610408163
6.157823129
6.733809524
7.268321995
7.798299320
8.342993197
8.885510204
9.439591837
10.013287982
10.540068027
11.079183673
11.591337868
12.157709751
12.718843537
13.257301587
13.795714286
14.314920635
14.874421769
15.398775510
15.929410431
16.456281179
16.978775510
17.519365079
18.045170068
18.606893424
19.150498866
19.676916100
20.228276644
20.754081633
21.317551020
21.828616780
22.352562358
22.894081633
23.427188209
23.967052154
24.499546485
25.034126984
25.563151927
26.070476190
26.637641723
27.152698413
27.702517007
28.249365079
28.805419501
29.334353741
29.882766440
30.394807256
30.929115646
31.464489796
32.052244898
32.588435374
33.089659864
33.602743764
34.133151927
34.660521542
35.204444444
35.748752834
36.291337868
36.850090703
37.359229025
37.882562358
38.430204082
38.949455782
39.466984127
39.998684807
40.562902494
41.099682540
41.622902494
42.134058957
42.679591837
43.212426304
43.739297052
44.281814059
44.810748299
45.366167800
45.895102041
46.437006803
46.972993197
47.483038549
48.014512472
48.548888889
49.094739229
49.633129252
50.150136054
50.683106576
51.216462585
51.762675737
52.302698413
52.819931973
53.358140590
53.883582766
54.428299320
54.995963719
55.504081633
56.047029478
56.578888889
57.107891156
57.679818594
58.155464853
58.695192744
59.228027211
59.779160998
60.313764172
60.846439909
61.367709751
61.923922902
62.450476190
62.987596372
63.536643991
64.067256236
64.618276644
65.132630385
65.667823129
66.219002268
66.764126984
67.270770975
67.805328798
68.336145125
68.862879819
69.402789116