0.679183673
1.190294785
1.706167800
2.240839002
2.709727891
3.235532880
3.753922902
4.242811791
4.759795918
5.278321995
5.807732426
6.298888889
6.812448980
7.328321995
7.846916100
8.356689342
8.846621315
9.342290249
9.877188209
10.371043084
10.863310658
11.390793651
11.891995465
12.400975057
12.921315193
13.431496599
13.906394558
14.400000000
14.897029478
15.426326531
15.938820862
16.441405896
16.942403628
17.442539683
17.958095238
18.454058957
18.912789116
19.461224490
19.973990930
20.462653061
20.935260771
21.449727891
21.958594104
22.474263039
22.935510204
23.490612245
23.960612245
24.478820862
24.972290249
25.490521542
25.996326531
26.504965986
26.987210884
27.479024943
27.990476190
28.524149660
29.030770975
29.519863946
30.019070295
30.556734694
31.059591837
31.550907029
32.075102041
32.592857143
33.057233560