0.371519274
0.842448980
1.332244898
1.782857143
2.238344671
2.726530612
3.241496599
3.709206349
4.163333333
4.644104308
5.143378685
5.607460317
6.087755102
6.569160998
7.048185941
7.530158730
8.005804989
8.473560091
8.958503401
9.429206349
9.895895692
10.381791383
10.877482993
11.343333333
11.806666667
12.319319728
12.792902494
13.258843537
13.730272109
14.202789116
14.711632653
15.182199546
15.637891156
16.121723356
16.601700680
17.052448980
17.517074830
18.006984127
18.496621315
18.965532880
19.453968254
19.908231293
20.382698413
20.856417234
21.313446712
21.797936508
22.314353741
22.743446712
23.241723356
23.717845805
24.205691610
24.690929705
25.161904762
25.623446712
26.113832200
26.582063492
27.046553288
27.533287982
28.025056689
28.497324263
28.975759637
29.436122449
29.928072562
30.413650794
30.881791383
31.368276644