0.400544218
1.157482993
1.880816327
2.490340136
3.027346939
3.673287982
4.332970522
4.938707483
5.487709751
6.073764172
6.675034014
7.287641723
7.805306122
8.371859410
8.939750567
9.537165533
10.071700680
10.584875283
11.117052154
11.668662132
12.222789116
12.816802721
13.409092971
13.965283447
14.456326531
15.010362812
15.556145125
16.117709751
16.685260771
17.218412698
17.748253968
18.284512472
18.819931973
19.389546485
19.955442177
20.486031746
21.038458050
21.569478458
22.140022676
22.690430839
23.258526077
23.791609977
24.337573696
24.857596372
25.435895692
25.967006803
26.512721088
27.016394558
27.548458050
28.140612245
28.686938776
29.196190476
29.721360544
30.270340136
30.840544218
31.371746032
31.914013605
32.433265306
33.001632653
33.558480726
34.100997732
34.626462585
35.154353741
35.703650794
36.238185941
36.748956916
37.310000000
37.819024943
38.347868481
38.857346939
39.403287982
39.958253968
40.514784580
41.003424036
41.541904762
42.109501134
42.664761905
43.186780045
43.742176871
44.251473923
44.809954649