0.142222222
0.715351474
1.232108844
1.863401361
2.382494331
2.922267574
3.436916100
3.994761905
4.517936508
5.037256236
5.611247166
6.153877551
6.648344671
7.184897959
7.718684807
8.237981859
8.782131519
9.322290249
9.831088435
10.382335601
10.917165533
11.437278912
11.973446712
12.521292517
13.046734694
13.545850340
14.106122449
14.599614512
15.142312925
15.660408163
16.182857143
16.718684807
17.256734694
17.780816327
18.317505669
18.835986395
19.382131519
19.919863946
20.437324263
20.974036281
21.486802721
22.008616780
22.516462585
23.096598639
23.605986395
24.098503401
24.654036281
25.170068027
25.691428571
26.253061224
26.778480726
27.293356009
27.817959184
28.351972789
28.860136054
29.366984127
29.905850340
30.413083900
30.930793651
31.477551020
31.995124717
32.531451247
33.065895692
33.566712018
34.086530612