0.673378685
1.380702948
2.002721088
2.623854875
3.250793651
3.873990930
4.446621315
5.021315193
5.610022676
6.229818594
6.851156463
7.404557823
8.016530612
8.566303855
9.151859410
9.711927438
10.295283447
10.890929705
11.465170068
12.038911565
12.577913832
13.160521542
13.698594104
14.262448980
14.807528345
15.373560091
15.955578231
16.490181406
17.068231293
17.623809524
18.159886621
18.694489796
19.251224490
19.811247166
20.368208617
20.878911565
21.443401361
21.992517007
22.527392290
23.079591837
23.610929705
24.162993197
24.713492063
25.244897959
25.809183673
26.328798186
26.863696145
27.379138322
27.919319728
28.443922902
29.005714286
29.542267574
30.076621315
30.613514739
31.139863946
31.676099773
32.186598639
32.730045351
33.272630385
33.796643991
34.343469388
34.859909297
35.387210884
35.930340136
36.441473923
36.971904762
37.511814059
38.052585034
38.584444444
39.126621315
39.642766440
40.189297052
40.727369615
41.238639456
41.814489796
42.339909297
42.878231293
43.419365079
43.926349206
44.454603175
44.997188209
45.523764172
46.021950113
46.567619048
47.090068027
47.624126984
48.160317460
48.657414966
49.181451247
49.679092971
50.213151927
50.758820862
51.306734694
51.844036281
52.377573696
52.874580499
53.392403628
53.953582766
54.459977324
54.970385488
55.508253968
56.034625850
56.546394558
57.065396825
57.565170068
58.096485261
58.595555556
59.148639456
59.679160998
60.184625850
60.708367347
61.228639456
61.760680272
62.252789116
62.795532880
63.314444444
63.804943311
64.336961451
64.830113379
65.382811791
65.892199546
66.411383220
66.921995465
67.477188209
67.985532880
68.531587302
69.051859410
69.568911565
70.124263039