0.171791383
0.696575964
1.208299320
1.699365079
2.193673469
2.724195011
3.238571429
3.733015873
4.192380952
4.724875283
5.242630385
5.750204082
6.238299320
6.725963719
7.237868481
7.724535147
8.214240363
8.706054422
9.219637188
9.695691610
10.189478458
10.688820862
11.210385488
11.737301587
12.208049887
12.691541950
13.186984127
13.692630385
14.190975057
14.706009070
15.178321995
15.693741497
16.193129252
16.687324263
17.221088435
17.705668934
18.203083900
18.692448980
19.205328798
19.689455782
20.205918367
20.715464853
21.241859410
21.718730159
22.229863946
22.720816327
23.202040816
23.695215420
24.162312925
24.660294785
25.162857143
25.697482993
26.194807256
26.708798186
27.239297052
27.693514739
28.208367347
28.706643991
29.191836735
29.726643991
30.223718821
30.738571429
31.270612245
31.748095238
32.224693878
32.732857143
33.225941043
33.741791383
34.258095238
34.747097506
35.233650794
35.740226757
36.233514739
36.739387755
37.245850340
37.744013605
38.225056689
38.722947846
39.211405896
39.727346939
40.233764172
40.737437642
41.227891156
41.733106576
42.243582766
42.742380952
43.292562358
43.764376417
44.260589569
44.763786848
45.266916100
45.759478458
46.273900227
46.759727891
47.254467120
47.742471655
48.252993197