0.130612245
0.636009070
1.189183673
1.740181406
2.230317460
2.744421769
3.262176871
3.794467120
4.293764172
4.806485261
5.318095238
5.873854875
6.415238095
6.918095238
7.432018141
7.968639456
8.461405896
8.977800454
9.494353741
10.026439909
10.563038549
11.060045351
11.551451247
12.096553288
12.613083900
13.114829932
13.634036281
14.181587302
14.704761905
15.238095238
15.749523810
16.269365079
16.777392290
17.346031746
17.854829932
18.372063492
18.887188209
19.406893424
19.929841270
20.475464853
20.974988662
21.484376417
22.016077098
22.529319728
23.066303855
23.579342404
24.108934240
24.599478458
25.155328798
25.682426304
26.196621315
26.727346939
27.244421769
27.773968254
28.270521542
28.796848073
29.323174603
29.836190476
30.362607710
30.876870748
31.391836735
31.909546485
32.445895692
32.946439909
33.455079365
33.970997732
34.491519274
35.011541950
35.525941043
36.023492063
36.581587302
37.079569161
37.608503401
38.135873016
38.655351474
39.169115646
39.685260771
40.183174603
40.715351474
41.228049887
41.744557823