0.119727891
0.571473923
1.063038549
1.570975057
2.068027211
2.539682540
2.996825397
3.475736961
3.965532880
4.408163265
4.879818594
5.347845805
5.841269841
6.309297052
6.766439909
7.256235828
7.731519274
8.217687075
8.707482993
9.204535147
9.658049887
10.097052154
10.594104308
11.067936508
11.555555556
12.048253968
12.505396825
12.982857143
13.440000000
13.927619048
14.384761905
14.867301587
15.324444444
15.806984127
16.289523810
16.782222222
17.295238095
17.726984127
18.204444444
18.674217687
19.164444444
19.636825397
20.104126984
20.581587302
21.059047619
21.536507937
21.978412698
22.481269841
22.948571429
23.390476190
23.893333333
24.355555556
24.845963719
25.330793651
25.782857143
26.260317460
26.722539683
27.189841270
27.687619048
28.160000000
28.625850340
29.097142857
29.553197279
30.023401361
30.534240363
31.004444444
31.463038549
31.956462585
32.406349206
32.888888889
33.324263039
33.817687075
34.292970522
34.757369615
35.236281179
35.722448980
36.165079365
36.647619048
37.135238095
37.602539683
38.064761905
38.547301587
39.024761905
39.476825397
39.928888889
40.411428571
40.909206349
41.406984127
41.864126984
42.311111111
42.783492063
43.255873016
43.718095238
44.195555556
44.642539683
45.109841270
45.612698413
46.085079365
46.547301587
47.024761905
47.537777778
47.989841270
48.426666667
48.909206349
49.406984127
49.884444444
50.341587302
50.803809524
51.266031746
51.733333333
52.195555556
52.693333333
53.175873016
53.622857143
54.100317460
54.552380952
55.050158730
55.497414966
55.989841270
56.477460317
56.934603175
57.406984127
57.879365079
58.382222222
58.844444444
59.311746032
59.747913832
60.231111111
60.698412698
61.160634921
61.619183673
62.130793651
62.582857143
63.075555556
63.532698413
64.010158730
64.477460317
64.960000000
65.386666667
65.838730159
66.321269841
66.793650794
67.281269841
67.733333333
68.373333333