0.156734694
0.661768707
1.149024943
1.647573696
2.167800454
2.635600907
3.147755102
3.665850340
4.127346939
4.620634921
5.115918367
5.647437642
6.159841270
6.630680272
7.112811791
7.630022676
8.131950113
8.613265306
9.125714286
9.611927438
10.112222222
10.596689342
11.112403628
11.582018141
12.097233560
12.563378685
13.080181406
13.579319728
14.049070295
14.538390023
15.033990930
15.532199546
16.030952381
16.527664399
17.024353741
17.514285714
18.046303855
18.534331066
19.032040816
19.520634921
20.038095238
20.531972789
21.021859410
21.522653061
21.999750567
22.514965986
23.035941043
23.518888889
24.004285714
24.484784580
24.981133787
25.513650794
25.998480726
26.498548753
26.998888889
27.516258503
27.977346939
28.500317460
29.023492063
29.489523810
30.022199546
30.500702948
30.990634921
31.484512472
31.980952381
32.481950113
33.010929705
33.500884354
33.963877551
34.480340136
34.966349206
35.469206349
35.965895692
36.464852608
36.954081633
37.434920635
37.936938776
38.429909297
38.926734694
39.417165533
39.932199546