0.278639456
1.523718821
2.441088435
3.204399093
3.859954649
4.467233560
5.103219955
5.703197279
6.277482993
6.821972789
7.390634921
7.978412698
8.526417234
9.122562358
9.719682540
10.292018141
10.855736961
11.384965986
11.973582766
12.523174603
13.076712018
13.681632653
14.243265306
14.817959184
15.340408163
15.954285714
16.457142857
17.015873016
17.573877551
18.173310658
18.718707483
19.258775510
19.840000000
20.388775510
20.960657596
21.528344671
22.070498866
22.640340136
23.238843537
23.808866213
24.371224490
24.955532880
25.545782313
26.139138322
26.718934240
27.335691610
27.888548753
28.444444444
28.995918367
29.583151927
30.131950113
30.724013605
31.287981859
31.856371882
32.409319728
32.980340136
33.568004535
34.133333333
34.788435374
35.351904762
35.920907029
36.484557823
37.073287982
37.636122449
38.205374150
38.787936508