0.355555556
0.955147392
1.551201814
2.126349206
2.715600907
3.296575964
3.954376417
4.521428571
5.096507937
5.709591837
6.278752834
6.870816327
7.418911565
7.991360544
8.550975057
9.142176871
9.718662132
10.298049887
10.862721088
11.474580499
12.069818594
12.642562358
13.235034014
13.830907029
14.382970522
14.985396825
15.587324263
16.150634921
16.722993197
17.331292517
17.907823129
18.501655329
19.082199546
19.638344671
20.235306122
20.811519274
21.385555556
21.943582766
22.550816327
23.146984127
23.718707483
24.303514739
24.890861678
25.483628118
26.087142857
26.698299320
27.265419501
27.791768707
28.363015873
28.936394558
29.531473923
30.135328798
30.719569161
31.279750567
31.903650794
32.451269841
33.015986395
33.619342404
34.191904762
34.779115646
35.366077098
35.932131519
36.508095238
37.102471655
37.665034014
38.244331066
38.839024943
39.435328798
40.015736961
40.567777778
41.151224490
41.720408163
42.317777778
42.904240363
43.486712018
44.051700680
44.647891156
45.222879819
45.812108844
46.384285714
46.944716553
47.520589569
48.076349206
48.685646259
49.287596372
49.860317460
50.455056689
51.035419501
51.601836735
52.187981859
52.771700680
53.365283447
53.921111111
54.489319728
55.088208617
55.633083900
56.202108844
56.825170068
57.433492063
57.984058957
58.549251701
59.121156463
59.718390023
60.303219955
60.885374150
61.464852608
62.041065760
62.621201814
63.183560091
63.782312925
64.345306122
64.956734694
65.501133787
66.040521542
66.621405896
67.204512472
67.776916100
68.346167800
68.917528345
69.485351474
70.052675737
70.643741497
71.205464853
71.789410431
72.357142857
72.913786848
73.461723356
74.041791383
74.621065760
75.192925170
75.804285714
76.361632653
76.920975057
77.513197279
78.085986395
78.709841270
79.224739229
79.838027211
80.421428571
81.019342404
81.585986395
82.181950113
82.757573696
83.336984127
83.915691610
84.469410431
85.029523810
85.625578231
86.214058957
86.774217687
87.341972789
87.946689342
88.513718821
89.086757370
89.667777778
90.233356009
90.787052154
91.390249433
91.934217687
92.498979592
93.070634921
93.649841270
94.241587302
94.782766440
95.326349206
95.901995465
96.486870748
97.060952381
97.609977324
98.170657596
98.722993197
99.275487528
99.854353741
100.409251701
100.987573696
101.535782313
102.079705215
102.647097506
103.202743764
103.779160998
104.319160998
104.887619048
105.467233560
106.049410431
106.583151927
107.151519274
107.720793651
108.277414966
108.839251701
109.409206349
109.952108844
110.502970522
111.069138322
111.635328798
112.187732426
112.775238095
113.336507937
113.887029478
114.485714286
115.040657596
115.619410431
116.170000000
116.725827664
117.247732426
117.834693878
118.386485261
118.959727891
119.503650794
120.039002268
120.622947846
121.202494331
121.739773243
122.323310658
122.875804989
123.419546485
123.971405896
124.528185941
125.096054422
125.657936508
126.203650794
126.784195011
127.338820862
127.904036281
128.451791383
129.000272109
129.576462585
130.107823129
130.685442177
131.220317460
131.789206349
132.349909297
132.868367347
133.435963719
133.990045351
134.519569161
135.064467120
135.638435374
136.176530612
136.740068027
137.266122449
137.843333333
138.444172336
139.002267574
139.552176871
140.096190476
140.668072562
141.217732426
141.736780045
142.305147392
142.858458050
143.424625850
143.997709751
144.568390023
145.102698413
145.632811791
146.186757370
146.720204082
147.290408163
147.861065760
148.376553288
148.936009070
149.485396825
150.048412698
150.596394558
151.152403628
151.712721088
152.254739229
152.812562358
153.352811791
153.902358277
154.469637188
155.009387755
155.564943311