0.075464853
0.609523810
1.112154195
1.618956916
2.076009070
2.599115646
3.055873016
3.559047619
4.087142857
4.649795918
5.122244898
5.623764172
6.107641723
6.612789116
7.110770975
7.571609977
8.115374150
8.585986395
9.107052154
9.630476190
10.129705215
10.582947846
11.067641723
11.581541950
12.080634921
12.568299320
13.079251701
13.590498866
14.085464853
14.568888889
15.068616780
15.556281179
16.074013605
16.552993197
17.003673469
17.535668934
18.036122449
18.556235828
19.029365079
19.504761905
20.056235828
20.519206349
21.019070295
21.495873016
21.995102041
22.471111111
22.982834467
23.454285714
24.021043084
24.480997732
24.996281179
25.445396825
25.940680272
26.420249433
26.912766440
27.405487528
27.880907029
28.407346939
28.900770975
29.360612245
29.888095238
30.360748299
30.851292517
31.365306122
31.820521542
32.324421769
32.800408163
33.288299320
33.781859410
34.267460317
34.740521542
35.224149660
35.720566893
36.217142857
36.728276644
37.195941043
37.708956916
38.204875283
38.704784580
39.183673469
39.717732426
40.184761905
40.686780045
41.169047619
41.662675737
42.150022676
42.606621315
43.148480726
43.597755102
44.112108844
44.604217687
45.099319728
45.576712018
46.069977324
46.551564626
47.022086168
47.528526077
48.005578231
48.491859410
48.969229025
49.453151927
49.972086168
50.469637188
50.979410431
51.439070295
51.946598639
52.447482993
52.924172336
53.418140590
53.917006803
54.386802721
54.874897959
55.385396825
55.852585034
56.378049887
56.834467120
57.334897959
57.823424036
58.315464853
58.786258503
59.290181406
59.800861678
60.325442177
60.766507937
61.282471655
61.741859410
62.264648526
62.751904762
63.249659864