0.194285714
0.660952381
1.139229025
1.566984127
2.052063492
2.483809524
2.906666667
3.406984127
3.838730159
4.282630385
4.77170068
5.214331066
5.65260771
6.090884354
6.536417234
7.010975057
7.46521542
7.926712018
8.394013605
8.843900227
9.272018141
9.737868481
10.196462585
10.649251701
11.09478458
11.559183673
12.027755102
12.473469388
12.919183673
13.38122449
13.817142857
14.251428571
14.726530612
15.193469388
15.629931973
16.066938776
16.524263039
16.947664399
17.38739229
17.885170068
18.316190476
18.77877551
19.247346939
19.673469388
20.117913832
20.549659864
21.020408163
21.462857143
21.934693878
22.403265306
22.803265306
23.265306122
23.73877551
24.171428571
24.628571429
25.074285714
25.537959184
25.985306122
26.408163265
26.86185941
27.304489796
27.774693878
28.230385488
28.645804989
29.137414966
29.577142857
30.064761905
30.47292517
30.93877551
31.378503401
31.82585034
32.271020408
32.71292517
33.161360544
33.613061224
34.064761905
34.522993197
34.95292517
35.401360544
35.889342404
36.350839002
36.765895692
37.220136054
37.72154195
38.173605442
38.611337868
39.04
39.475283447
39.927619048
40.363174603
40.822857143
41.271111111
41.715555556
42.158730159
42.615873016
43.066666667
43.517460317
43.974603175
44.438095238
44.886349206
45.34984127
45.781405896
46.245804989
46.690249433
47.142312925
47.588571429
48.041904762
48.483265306
48.956734694
49.383401361
49.869931973
50.30984127
50.754285714
51.205079365
51.636825397
52.096507937
52.570612245
52.996734694
53.476825397
53.903492063
54.336870748
54.795918367
55.215238095
55.657142857
56.128979592
56.568163265
57.014421769
57.444897959
57.925079365
58.367346939
58.82031746
59.267301587
59.723174603
60.162902494
60.644716553
61.080816327
61.505306122
61.949387755
62.408163265
62.862040816
63.306122449
63.773061224
64.183945578
64.66122449
65.126530612
65.582040816
65.998367347
66.462040816
66.884897959
67.351836735
67.820408163
68.302040816
68.736326531
69.15755102
69.601632653
70.055510204
70.471836735
70.947482993
71.370884354
71.850884354
72.303673469
72.77877551
73.232653061
73.65877551
74.125714286
74.587755102
75.026938776
75.448163265
75.911836735
76.365714286
76.774603175
77.248435374
77.69106576
78.143310658
78.571972789
79.039455782
79.488979592
79.944671202
80.368253968
80.831564626
81.316281179
81.72553288
82.20154195
82.625306122
83.11015873
83.542494331
84.017052154
84.448072562
84.890702948
85.318820862
85.791927438
86.221496599
86.694603175
87.154285714
87.637913832
88.11537415
88.540589569
89.014421769
89.493333333
89.951972789
90.386575964
90.842267574
91.313197279
91.726417234
92.189387755
92.65015873
93.066666667
93.509659864
93.973333333
94.432653061
94.935510204
95.425306122
95.859591837
96.312018141
96.798185941
97.247346939
97.665306122
98.159455782
98.566530612
99.000453515
99.4430839
99.903129252
100.331972789
100.774603175
