0.670476190
1.193650794
1.723356009
2.255238095
2.782607710
3.299206349
3.801904762
4.310113379
4.830793651
5.320634921
5.826031746
6.345079365
6.828934240
7.337482993
7.838503401
8.363174603
8.893968254
9.406984127
9.899682540
10.430045351
10.944308390
11.461315193
11.960997732
12.467301587
12.957460317
13.468639456
13.978412698
14.466031746
14.981587302
15.502222222
16.002539683
16.520634921
17.003174603
17.536507937
18.034285714
18.547278912
19.052834467
19.542857143
20.050793651
20.586666667
21.097142857
21.615238095
22.107233560
22.618253968
23.109637188
23.635260771
24.135510204
24.625147392
25.117619048
25.630476190
26.141882086
26.648888889
27.128435374
27.639365079
28.129024943
28.627052154
29.128049887
29.620317460
30.092698413
30.564240363
31.034920635
31.560634921
32.060952381
32.584126984
33.125079365
33.610839002
34.105396825
34.636417234
35.121269841
35.619047619
36.131836735
36.622222222
37.111269841
37.583424036
38.082539683
38.583718821
39.095873016
39.608888889
40.075578231
40.569863946
41.079365079
41.580748299
42.079863946
42.598095238
43.095873016
43.615782313
44.111496599
44.620045351
45.111065760
45.611473923
46.108276644
46.625668934
47.108526077
47.618798186
48.120453515
48.632607710
49.118911565
49.623945578
50.114467120
50.634013605
51.139047619
51.655691610
52.148435374
52.662539683
53.173696145
53.678730159
54.125714286
54.636213152
55.147278912
55.652426304
56.151655329
56.642176871
57.136031746
57.687074830
58.163083900
58.669183673
59.167346939
59.704308390
60.255782313
60.789841270
61.303582766
61.777278912
62.279546485
62.760634921
63.238956916
63.750385488
64.227505669
64.766258503