0.228571429
0.896507937
1.442539683
1.965714286
2.510997732
2.998095238
3.456507937
3.94031746
4.40952381
4.871836735
5.323265306
5.775714286
6.266938776
6.698367347
7.131428571
7.611723356
8.096326531
8.522040816
8.991020408
9.454285714
9.895102041
10.348843537
10.779863946
11.213061224
11.691972789
12.146938776
12.59537415
13.081360544
13.522721088
13.989795918
14.399591837
14.860816327
15.295510204
15.748979592
16.209795918
16.664489796
17.068163265
17.526122449
17.965306122
18.431428571
18.857142857
19.295918367
19.79138322
20.217777778
20.659591837
21.093877551
21.570975057
22.011950113
22.473469388
22.904081633
23.363265306
23.83
24.289342404
24.697505669
25.183492063
25.621768707
26.039002268
26.510657596
26.93877551
27.39138322
27.860770975
28.27755102
28.723809524
29.188208617
29.633446712
30.091247166
30.562721088
31.02585034
31.464852608
31.894421769
32.352539683
32.774081633
33.213696145
33.676077098
34.112244898
34.561315193
35.018594104
35.446349206
35.89015873
36.36462585
36.788117914
37.277097506
37.714285714
38.19138322
38.62675737
39.062131519
39.506893424
39.967346939
40.404535147
40.88600907
41.331519274
41.766893424
42.224036281
42.650340136
43.114739229
43.546485261
