0.911020408
1.568367347
2.155102041
2.701133787
3.216326531
3.735147392
4.179591837
4.681723356
5.202721088
5.690340136
6.202630385
6.723628118
7.185124717
7.698390023
8.140045351
8.629115646
9.135600907
9.630544218
10.116643991
10.602811791
11.104489796
11.55893424
12.051360544
12.526054422
13.022721088
13.503854875
14.001632653
14.527437642
14.99553288
15.444512472
15.926303855
16.390952381
16.894489796
17.393197279
17.83292517
18.303673469
18.770793651
19.25877551
19.738412698
20.231269841
20.708571429
21.183492063
21.683809524
22.123174603
22.595555556
23.067936508
23.560634921
24.048004535
24.518095238
24.985396825
25.478095238
25.914920635
26.394920635
26.887142857
27.36
27.868344671
28.314920635
28.812653061
29.315555556
29.762562358
30.237460317
30.704761905
31.177142857
31.66984127
32.132063492
32.637823129
33.127188209
33.570249433
34.053514739
34.488888889
34.920634921
35.427278912
35.918253968
36.365351474
36.826848073
37.285442177
37.725170068
38.202630385
38.668480726
39.174897959
39.642267574
40.122630385
40.595192744
41.060090703
41.54399093
41.975873016
42.433015873
42.926077098
43.369070295
43.861451247
44.322743764
44.778231293
45.242630385
45.709931973
46.212267574
46.672403628
47.17569161
47.638639456
48.105396825
48.595555556
49.042902494
49.528163265
50.019591837
50.514285714
50.996439909
51.447619048
51.883174603
52.360634921
52.824126984
53.287619048
53.780181406
54.256507937
54.738435374
55.201269841
55.638639456
56.137142857
56.600816327
57.092222222
57.565170068
57.998367347
58.492517007
58.971428571
59.441632653
59.942131519
60.36244898
60.837006803
61.311564626
61.804807256
62.275918367
62.745578231
63.239501134
63.699591837
64.161088435
64.644353741
65.117959184
65.590929705
66.050612245
66.525306122
67.017596372
67.47138322
67.963356009
68.441201814
68.895011338
69.372517007
69.863038549
70.334693878
70.819410431
71.250430839
71.749659864
72.192290249
72.626213152
73.106485261
73.552517007
74.026643991
74.534603175
74.955464853
75.43292517
75.906371882
76.366077098
76.859501134
77.330068027
77.775238095
78.291632653
78.74031746
79.204716553
79.685079365
80.136054422
80.604081633
81.081179138
81.614512472
82.071836735
82.52893424
82.985328798
83.475034014
83.971315193
84.437188209
84.909546485
85.358730159
85.874285714
86.302675737
86.819047619
87.270136054
87.730181406
88.213333333
88.718730159
89.159410431
89.653333333
90.123151927
90.577120181
91.075623583
91.542630385
92.033061224
92.493174603
92.96260771
93.458911565
93.930204082
94.421133787
94.857142857
95.357460317
95.82984127
96.341609977
96.829024943
97.274920635
97.757460317
98.20952381
98.684444444
99.144126984
99.64952381
