0.071111111
0.584126984
1.044263039
1.531473923
2.004920635
2.438095238
2.920634921
3.42814059
3.837460317
4.297142857
4.75031746
5.213968254
5.660952381
6.115804989
6.582857143
7.05015873
7.514920635
7.975260771
8.434739229
8.904126984
9.363809524
9.854580499
10.287800454
10.74031746
11.21015873
11.662222222
12.141043084
12.599070295
13.026031746
13.485714286
13.942857143
14.417777778
14.918095238
15.36
15.842539683
16.236190476
16.701451247
17.17122449
17.619160998
18.062222222
18.519365079
19.011609977
19.469977324
19.908571429
20.322539683
20.774603175
21.24244898
21.696326531
22.144217687
22.614058957
23.105668934
23.516145125
23.965170068
24.449342404
24.870748299
25.34707483
25.815941043
26.264671202
26.733310658
27.145578231
27.615918367
28.074376417
28.520566893
28.988662132
29.437188209
29.908049887
30.363378685
30.818684807
31.276530612
31.747278912
32.200272109
32.67047619
33.124716553
33.593469388
34.044807256
34.506303855
34.973605442
35.417687075
35.903786848
36.331609977
36.807301587
37.250907029
37.704852608
38.173605442
38.646712018
39.083537415
39.556643991
40.015238095
40.472380952
40.936643991
41.38521542
41.840907029
42.301292517
42.746485261
43.203628118
43.678185941
44.121904762
44.570340136
45.029659864
45.518367347
45.948662132
46.413061224
46.868594104
47.327596372
47.779047619
48.240997732
48.696598639
49.151564626
49.605986395
50.076734694
50.53106576
50.983401361
51.444376417
51.898321995
52.351564626
52.81585034
53.281428571
53.705578231
54.17
54.633219955
55.087891156
55.545034014
56.0
56.438639456
56.891791383
57.345306122
57.803174603
58.273061224
58.736507937
59.208888889
59.682539683
60.11
60.596825397
61.058321995
61.511111111
61.979863946
62.444716553
62.907528345
63.37739229
63.84600907
64.3138322
64.774603175
65.219047619
65.692698413
66.157460317
66.643809524
67.112380952
67.580952381
68.033015873
68.504126984
68.96
69.428571429
69.899160998
70.377142857
70.83462585
71.313015873
71.787210884
72.238730159
72.697142857
73.166984127
73.616303855
74.072380952
74.551995465
75.051428571
75.512222222
75.920544218
76.373333333
76.848208617
77.32244898
77.72952381
78.199727891
78.655782313
79.094421769
79.557006803
80.026122449
80.493696145
80.936054422
81.391020408
81.868843537
82.322879819
82.779478458
83.253333333
83.715238095
84.162176871
84.635646259
85.050340136
85.552108844
85.995102041
86.481337868
86.919637188
87.371972789
87.834557823
88.296054422
88.766258503
89.23585034
89.708843537
90.156190476
90.627482993
91.081360544
91.557006803
92.002698413
92.48
92.94585034
93.418231293
93.874285714
94.331428571
94.775510204
95.248979592
95.703945578
96.180680272
96.650068027
97.116621315
97.594557823
98.047482993
98.51537415
98.984489796
99.447210884
99.91292517
100.376031746
100.847891156
101.331292517
101.772403628
102.232380952
102.709115646
