0.065306122
0.556213152
1.041269841
1.566099773
2.031746032
2.568707483
3.080272109
3.537687075
4.042380952
4.542403628
5.053968254
5.546666667
6.073469388
6.539795918
7.028140590
7.510929705
8.037868481
8.530929705
9.037823129
9.541859410
10.039909297
10.523854875
11.016258503
11.530997732
12.038095238
12.546031746
13.018412698
13.549501134
14.024965986
14.522244898
15.039342404
15.538344671
16.047369615
16.559047619
17.059274376
17.555691610
18.053605442
18.559546485
19.047482993
19.557210884
20.051337868
20.538231293
21.053424036
21.547369615
22.024580499
22.526145125
23.040136054
23.537981859
24.036167800
24.539931973
25.036462585
25.543741497
26.039047619
26.532743764
27.024875283
27.492018141
28.008004535
28.523854875
29.054331066
29.543968254
30.046553288
30.553922902
31.028004535
31.494308390
31.991428571
32.534988662
33.053219955
33.571201814
34.064671202
34.540272109
35.037210884
35.528253968
36.022108844
36.528548753
37.040272109
37.516190476
38.056167800
38.528253968
39.044399093
39.538390023
40.045192744
40.574081633
41.051451247
41.544829932
42.044988662
42.534058957
43.028412698
43.522380952
43.976077098
44.491111111
45.007188209
45.480634921
45.992539683
46.516689342
47.029523810
47.507233560
48.030544218
48.528208617
49.028503401
49.524444444
50.037573696
50.536031746
51.030317460
51.537165533
52.050975057
52.586666667
53.085555556
53.577074830
54.093877551
54.549319728
55.022539683
55.546009070
56.071950113
56.561496599
57.077256236
57.574603175
58.072380952
58.555464853
59.061383220
59.545328798
60.025283447
60.508820862
61.049569161
61.561088435
62.055260771
62.553945578
63.069614512
63.558027211
64.079818594