0.561632653
1.175510204
1.700929705
2.280816327
2.81675737
3.357823129
3.923492063
4.483265306
5.016961451
5.544489796
6.052244898
6.612244898
7.110204082
7.673469388
8.200816327
8.777142857
9.296349206
9.864489796
10.372789116
10.932018141
11.464852608
12.003265306
12.53877551
13.078639456
13.611972789
14.182312925
14.711292517
15.27292517
15.777959184
16.315646259
16.859863946
17.398276644
17.95585034
18.477278912
18.994648526
19.502585034
20.087709751
20.632380952
21.156825397
21.690340136
22.291156463
22.824489796
23.371156463
23.933401361
24.463673469
25.007891156
25.545578231
26.091972789
26.662312925
27.165170068
27.719229025
28.22600907
28.773877551
29.311564626
29.862312925
30.423945578
30.970340136
31.506938776
32.017414966
32.552743764
33.068843537
33.586938776
34.151587302
34.665306122
35.182585034
35.739863946
36.264489796
36.819591837
37.342040816
37.888435374
38.42829932
38.996462585
39.53414966
40.067482993
40.596462585
41.177687075
41.667482993
42.218231293
42.751564626
43.276190476
43.847619048
44.426666667
44.957460317
45.504648526
46.055328798
46.587936508
47.158253968
47.728253968
48.263174603
48.782222222
49.328367347
49.849478458
50.349705215
50.940952381
51.485782313
52.020022676
