0.622222222
1.191133787
1.714285714
2.177777778
2.673015873
3.174603175
3.675102041
4.174603175
4.671746032
5.14984127
5.642539683
6.093333333
6.594920635
7.085079365
7.538412698
8.023038549
8.518095238
9.012244898
9.510748299
9.971882086
10.496145125
10.946281179
11.448526077
11.920657596
12.419047619
12.881632653
13.354920635
13.823492063
14.27047619
14.797188209
15.252562358
15.719365079
16.175238095
16.645442177
17.117823129
17.6
18.04952381
18.518095238
18.999365079
19.471746032
19.944126984
20.396190476
20.885079365
21.384126984
21.834920635
22.315328798
22.775963719
23.249002268
23.707936508
24.21968254
24.674285714
25.16244898
25.641723356
26.07600907
26.575238095
27.020929705
27.46031746
27.946666667
28.416507937
28.855873016
29.354217687
29.84
30.312380952
30.825306122
31.267301587
31.756190476
32.24
32.721655329
33.192380952
33.669795918
34.135714286
34.628185941
35.067936508
35.559365079
36.006349206
36.46537415
36.939591837
37.406984127
37.873628118
38.313650794
38.802018141
39.307936508
39.776054422
40.243809524
40.725079365
41.189614512
41.66984127
42.120634921
42.609977324
43.027301587
43.48952381
43.983673469
44.465328798
44.941496599
45.399637188
45.857505669
