0.188662132
0.742290249
1.298866213
1.805895692
2.323560091
2.876553288
3.390975057
3.946553288
4.426303855
4.985736961
5.515510204
6.024081633
6.558163265
7.085714286
7.600907029
8.109433107
8.663945578
9.162267574
9.759637188
10.241451247
10.779138322
11.321814059
11.860317460
12.393197279
12.926984127
13.458979592
13.975260771
14.507346939
15.035850340
15.571247166
16.096031746
16.613718821
17.129705215
17.648548753
18.142698413
18.644897959
19.168911565
19.677913832
20.242176871
20.734693878
21.280068027
21.815873016
22.275646259
22.762811791
23.328843537
23.821111111
24.310136054
24.828594104
25.319682540
25.814467120
26.349773243
26.847913832
27.388662132
27.896598639
28.394557823
28.945124717
29.471201814
29.979138322
30.475464853
30.991383220
31.492063492
32.031383220
32.555102041
33.055782313
33.552834467
34.107936508
34.614421769
35.133265306
35.671655329
36.183741497
36.767346939
37.264399093
37.778208617
38.300861678
38.846258503
39.339682540
39.865759637
40.337414966
40.876575964
41.397482993
41.911927438
42.488888889
43.011337868
43.493877551
44.030839002
44.575056689
45.101133787
45.619954649
46.142403628
46.675736961
47.219954649
47.718684807
48.256870748
48.757414966
49.272857143
49.793650794
50.329251701
50.858956916
51.348752834
51.834920635
52.379138322
52.876961451
53.397641723
53.924716553
54.479818594
54.947845805
55.448526077
55.938321995
56.504308390
57.044897959
57.560090703
58.068027211
58.550566893
59.065759637
59.606349206
60.103401361
60.614965986
61.159183673
61.678004535
62.222222222
62.737414966
63.276371882
63.789569161
64.320136054
64.829682540
65.359818594
65.860317460
66.365170068
66.863356009