0.214058957
0.67814059
1.142857143
1.605442177
2.062585034
2.53968254
3.000453515
3.44047619
3.905668934
4.341043084
4.805079365
5.24478458
5.685986395
6.125714286
6.605124717
7.044512472
7.527619048
7.993560091
8.46244898
8.907755102
9.375782313
9.843809524
10.309773243
10.749387755
11.180408163
11.654965986
12.087437642
12.555102041
13.003174603
13.480612245
13.927006803
14.349863946
14.807868481
15.312108844
15.782312925
16.191564626
16.648979592
17.1261678
17.588662132
17.985306122
18.434285714
18.891428571
19.363265306
19.794285714
20.251428571
20.745306122
21.170612245
21.6
22.05968254
22.547301587
23.002267574
23.455442177
23.898412698
24.302947846
24.751020408
25.175804989
25.628571429
26.078911565
26.566893424
26.993287982
27.4430839
27.884263039
28.321088435
28.802539683
29.280362812
29.725963719
30.186281179
30.638594104
31.093968254
31.545170068
31.976417234
32.449387755
32.932426304
33.406984127
33.84952381
34.324081633
34.761405896
35.19430839
35.641904762
36.061020408
36.543492063
37.008480726
37.494807256
37.947959184
38.394920635
38.824126984
39.29430839
39.740975057
40.218412698
40.678095238
41.122539683
41.602539683
42.05968254
42.469251701
42.896689342
43.347301587
43.824761905
44.282698413
44.756825397
45.213605442
45.699047619
46.179047619
46.643809524
47.113650794
47.570793651
48.048253968
48.553650794
48.997732426
49.457777778
49.927619048
50.341587302
50.808163265
51.30521542
51.787755102
52.233650794
52.703492063
53.179183673
53.633015873
54.156190476
54.571632653
55.029433107
55.484444444
55.982222222
56.411428571
56.877641723
57.345646259
57.782857143
58.252698413
58.755555556
59.197460317
59.664761905
60.152380952
60.578684807
61.036190476
61.473015873
61.931088435
62.372063492
62.839365079
63.293673469
63.742358277
64.210793651
64.660453515
65.097369615
65.548095238
66.054603175
66.524444444
67.009886621
67.457596372
67.892380952
68.360997732
68.829024943
69.278911565
69.710748299
70.162811791
70.631428571
71.097482993
71.54675737
72.018526077
72.489795918
72.91185941
73.400453515
73.859773243
74.325623583
74.786394558
75.254421769
75.715192744
76.148367347
76.582517007
77.025192744
77.489342404
77.935578231
78.432653061
78.852517007
79.325011338
79.776575964
80.224943311
80.701156463
81.208888889
81.670385488
82.113424036
82.619501134
83.063582766
83.520362812
83.965555556
84.401632653
84.847256236
85.347845805
85.820952381
86.270839002
86.712902494
87.176349206
87.640816327
88.134240363
88.589931973
89.05723356
89.536145125
90.023764172
90.493968254
90.958367347
91.419863946
91.864013605
92.320113379
92.762743764
93.224852608
93.68154195
94.109365079
94.554217687
95.00893424
95.494965986
95.967346939
96.455328798
96.952380952
97.399002268
97.875238095
98.350634921
98.800090703
99.261201814
99.72292517
100.162131519
100.609229025
101.071836735
101.530385488
101.944217687
102.378095238
