1.590566893
2.176870748
2.605147392
3.001065760
3.431995465
3.836870748
4.281904762
4.688594104
5.112562358
5.525646259
5.926031746
6.335714286
6.766077098
7.233015873
7.659682540
8.086553288
8.523401361
8.976848073
9.404557823
9.805464853
10.218208617
10.663560091
11.107278912
11.520657596
11.969274376
12.401723356
12.819569161
13.261678005
13.681179138
14.118185941
14.542789116
15.008934240
15.414421769
15.819773243
16.259183673
16.686077098
17.101541950
17.537346939
17.972675737
18.417891156
18.822879819
19.255192744
19.689070295
20.141541950
20.601541950
21.005170068
21.437369615
21.853310658
22.283492063
22.685873016
23.111655329
23.539092971
23.972222222
24.408798186
24.850476190
25.273492063
25.709614512
26.133378685
26.569909297
27.004875283
27.459024943
27.865714286
28.272267574
28.684512472
29.105419501
29.554081633
29.987573696
30.405419501
30.849909297
31.286848073
31.730204082
32.149750567
32.555396825
32.983469388
33.384331066
33.804036281
34.238072562
34.657641723
35.101043084
35.513968254
35.972426304
36.405555556
36.854829932
37.266553288
37.705328798
38.145555556
38.556666667
38.989365079
39.403378685
39.836643991
40.241655329
40.651609977
41.101609977
41.504489796
41.937437642
42.374376417
42.791609977
43.225396825
43.662222222
44.119365079
44.526938776
44.966961451
45.403424036
45.836916100
46.250997732
46.705102041
47.127074830
47.558594104
48.002358277
48.422857143
48.846870748
49.255170068
49.675034014
50.105850340
50.574671202
50.984761905
51.406825397
51.834625850
52.284988662
52.704557823
53.134195011
53.570430839
53.974240363
54.422721088
54.856122449
55.329523810
55.761269841
56.269206349