1.780680272
2.198639456
2.612244898
3.051473923
3.451995465
3.882086168
4.264058957
4.674376417
5.087596372
5.522471655
5.976825397
6.389115646
6.794784580
7.203287982
7.632970522
8.041882086
8.497052154
8.892517007
9.335147392
9.777777778
10.192448980
10.599478458
11.023061224
11.461564626
11.869024943
12.323990930
12.753560091
13.186031746
13.610272109
14.022108844
14.483446712
14.882993197
15.306077098
15.722494331
16.173219955
16.628390023
17.052993197
17.458276644
17.908390023
18.306870748
18.732698413
19.122811791
19.570793651
20.022086168
20.474852608
20.886099773
21.326077098
21.738548753
22.146349206
22.590113379
23.045804989
23.483628118
23.902040816
24.343219955
24.761496599
25.154920635
25.591292517
26.036077098
26.464943311
26.865578231
27.295056689
27.711746032
28.183514739
28.596938776
29.010430839
29.451609977
29.895691610
30.325260771
30.740317460
31.152267574
31.622675737
32.020181406
32.461496599
32.902675737
33.307936508
33.767596372
34.191247166
34.602335601
35.038911565
35.457052154
35.912562358
36.339229025
36.771700680
37.203628118
37.620657596
38.050634921
38.492063492
38.903832200
39.338299320
39.752244898
40.181360544
40.617188209
41.062698413
41.487437642
41.946802721
42.352789116
42.791473923
43.224263039
43.653854875
44.133741497
44.570975057
45.021564626
45.435691610
45.865827664
46.298775510
46.699863946
47.155804989
47.630340136
48.042902494
48.468934240
48.887142857
49.322902494
49.726054422
50.178321995
50.633197279
51.088253968
51.502925170
51.920793651
52.349433107
52.782335601
53.190249433
53.623582766
54.055351474
54.493174603
54.943492063
55.375691610
55.813673469
56.232721088
56.656235828