1.384489796
2.115918367
3.243537415
3.867936508
4.526077098
5.146485261
5.810816327
6.383673469
6.960544218
7.584580499
8.143310658
8.74739229
9.336961451
9.921088435
10.521655329
11.134693878
11.753287982
12.371882086
12.992290249
13.610884354
14.259092971
14.860770975
15.463038549
16.043537415
16.640362812
17.320634921
17.857959184
18.455736961
19.073741497
19.641904762
20.216598639
20.82829932
21.453061224
22.077823129
22.652517007
23.253333333
23.838911565
24.457709751
25.10585034
25.732063492
26.337959184
26.930068027
27.532176871
28.162176871
28.784761905
29.44
30.053922902
30.652517007
31.257687075
31.878095238
32.487619048
33.07537415
33.634829932
34.253061224
34.864761905
35.461995465
36.077278912
36.675079365
37.299002268
37.912380952
38.554557823
39.153514739
39.749659864
40.354829932
40.951292517
41.532517007
42.12244898
42.751564626
43.358253968
43.974965986
44.554013605
45.154829932
45.770884354
46.336870748
46.937687075
47.590748299
48.14585034
48.738367347
49.317006803
49.902993197
50.543061224
51.130340136
51.802993197
52.423401361
53.031133787
53.646802721
54.247619048
54.833197279
55.442653061
56.062585034
56.67047619
57.273469388
57.874285714
58.490566893
59.119455782
59.742040816
