0.032653061
0.53877551
1.0430839
1.514739229
2.024489796
2.514285714
3.000816327
3.503582766
3.973877551
4.469795918
4.945328798
5.436734694
5.917482993
6.393854875
6.898503401
7.368344671
7.858503401
8.310204082
8.817959184
9.278367347
9.740408163
10.186666667
10.694603175
11.167913832
11.672380952
12.117052154
12.616054422
13.070136054
13.549319728
14.017959184
14.523333333
14.974535147
15.453696145
15.942653061
16.432562358
16.879297052
17.372585034
17.849478458
18.293900227
18.789659864
19.246122449
19.71478458
20.200430839
20.686303855
21.153492063
21.604829932
22.075986395
22.542222222
23.055238095
23.502290249
23.994693878
24.474104308
24.939229025
25.410566893
25.882312925
26.358185941
26.83015873
27.303265306
27.781337868
28.254353741
28.739750567
29.221587302
29.694852608
30.163514739
30.635260771
31.115623583
31.58414966
32.073650794
32.548571429
33.003378685
33.526349206
33.975827664
34.454353741
34.946802721
35.393015873
35.861791383
36.322539683
36.786712018
37.302358277
37.790045351
38.214172336
38.692086168
39.17430839
39.639659864
40.114285714
40.60276644
41.064126984
41.550385488
41.999092971
42.497573696
42.958730159
43.441882086
43.914580499
44.363718821
44.812698413
45.294671202
45.752380952
46.257777778
46.74047619
47.230839002
47.68260771
48.147346939
48.631655329
49.115442177
49.604081633
50.04814059
50.532086168
50.999024943
51.470090703
51.97154195
52.449229025
52.905034014
53.356485261
53.828752834
54.317414966
54.775873016
55.264421769
55.752131519
56.219047619
56.671269841
57.148956916
57.634965986
58.103469388
58.581179138
59.033809524
59.518594104
60.015260771
60.484580499
60.983469388
61.459931973
61.918888889
62.409433107
62.907210884
63.375238095
63.845079365
64.317460317
64.759002268
65.258231293
65.747301587
66.200090703
66.690612245
67.152108844
67.609251701
68.063492063
68.559954649
69.063038549
69.519092971
69.997913832
70.453764172
70.915963719
71.401428571
71.874739229
72.335895692
72.810362812
73.299954649
73.764603175
74.230544218
74.701768707
75.182335601
75.628321995
76.139773243
76.622222222
77.094603175
77.583219955
78.074920635
78.54984127
79.027278912
79.477664399
79.958231293
80.449886621
80.906621315
81.375782313
81.869206349
82.318117914
82.802789116
83.247641723
83.75600907
84.281179138
84.73106576
85.208163265
85.654421769
86.131496599
86.620748299
87.093265306
87.580952381
88.045782313
88.524852608
88.999546485
89.487528345
89.936190476
90.415283447
90.867687075
91.35154195
91.832585034
92.317165533
92.799070295
93.309387755
93.797006803
94.242176871
94.737414966
95.168684807
95.63122449
96.11244898
96.581405896
97.065578231
97.552222222
98.033582766
98.497800454
