1.092789116
1.525986395
1.942857143
2.409795918
2.853945578
3.273287982
3.700204082
4.134852608
4.568684807
4.985102041
5.404444444
5.834013605
6.285623583
6.706031746
7.096598639
7.537777778
7.991768707
8.420408163
8.84276644
9.281904762
9.702108844
10.169863946
10.562176871
11.009160998
11.458480726
11.883809524
12.308072562
12.750453515
13.182811791
13.585714286
14.009954649
14.448888889
14.858730159
15.300090703
15.719863946
16.185396825
16.653061224
17.10170068
17.524739229
17.937414966
18.354648526
18.76462585
19.210884354
19.606938776
20.055079365
20.48462585
20.912471655
21.306530612
21.75739229
22.217845805
22.648412698
23.110634921
23.532721088
23.975419501
24.384580499
24.761904762
25.222993197
25.636258503
26.086530612
26.518548753
26.935873016
27.378843537
27.806961451
28.246054422
28.681609977
29.124399093
29.548367347
29.931020408
30.351746032
30.78414966
31.206961451
31.618344671
32.050816327
32.482721088
32.896643991
33.323287982
33.750952381
34.147845805
34.559047619
34.983265306
35.418888889
35.876077098
36.291678005
36.725464853
37.134761905
37.584195011
37.982585034
38.405487528
38.799659864
39.239501134
39.652176871
40.086621315
40.484285714
40.907369615
41.326077098
41.769138322
42.190952381
42.620975057
43.048435374
43.492970522
43.917845805
44.33553288
44.776281179
45.216553288
45.635351474
46.077097506
46.521678005
46.967687075
47.40414966
47.816485261
48.254671202
48.664013605
49.101201814
49.535034014
49.985056689
50.406689342
50.834195011
51.265827664
51.652358277
52.12154195
52.548208617
52.968095238
53.426961451
53.866734694
54.307845805
54.735736961
55.156077098
55.608707483
56.028548753
56.475714286
56.916780045
57.334126984
57.782539683
58.232539683
58.669410431
59.081927438
59.483492063
59.926349206
60.356848073
60.784081633
61.220226757
61.671405896
62.094965986
62.517301587
62.934852608
63.399183673
63.821360544
64.252222222
64.700975057
65.129229025
65.532743764
65.996190476
66.435238095
66.833922902
67.296507937
67.725782313
68.172947846
68.590975057
69.057460317
69.46829932
69.910204082
70.317596372
70.774421769
71.23569161
71.683424036
72.117369615
72.577913832
73.020929705
73.43739229
73.889092971
74.310884354
74.781632653
75.200680272
75.652154195
76.073310658
76.498979592
76.927936508
77.368208617
77.785170068
78.251609977
78.673197279
79.124761905
79.564761905
80.017687075
80.454195011
80.876417234
81.301201814
81.745623583
82.149319728
82.617256236
83.054716553
83.457573696
83.904761905
84.326553288
84.757482993
85.205827664
85.651746032
86.097641723
86.547687075
86.988866213
87.434897959
87.867278912
88.289365079
88.765396825
89.204240363
89.651814059
90.085396825
90.538231293
90.977959184
91.405419501
91.854285714
92.315079365
92.74845805
93.17
93.631995465
94.066938776
94.513446712
94.942494331
95.401496599
95.853401361
96.301451247
96.745396825
97.233628118
97.93015873
