0.557278912
1.436734694
1.978775510
2.546938776
3.082448980
3.668208617
4.206848073
4.742879819
5.250612245
5.773061224
6.304603175
6.857233560
7.413877551
7.924195011
8.436485261
8.974421769
9.499478458
9.998616780
10.520702948
11.039070295
11.563945578
12.082562358
12.669863946
13.191836735
13.709501134
14.248503401
14.789795918
15.319750567
15.838752834
16.329523810
16.850748299
17.374943311
17.889342404
18.371746032
18.907709751
19.434353741
19.960952381
20.451247166
20.964399093
21.523333333
22.077573696
22.594353741
23.088458050
23.620725624
24.175056689
24.690907029
25.187346939
25.722766440
26.238798186
26.754829932
27.292358277
27.827369615
28.336916100
28.863514739
29.375374150
29.911882086
30.471541950
30.968163265
31.488752834
32.007755102
32.568163265
33.072653061
33.604081633
34.121995465
34.609909297
35.135170068
35.663877551
36.188253968
36.721224490
37.238956916
37.792653061
38.307868481
38.835464853
39.372199546
39.895510204
40.411428571
40.943174603
41.437437642
41.952857143
42.510362812
43.011632653
43.542154195
44.072154195
44.584444444
45.099591837
45.644444444
46.145850340
46.670113379
47.159024943
47.689773243
48.222040816
48.751020408
49.280000000
49.802448980
50.307868481
50.820498866
51.340158730
51.858480726
52.389795918
52.939115646
53.455306122
53.971814059
54.461179138
55.020204082
55.529795918
56.032403628
56.548571429
57.073287982
57.586938776
58.089909297
58.612244898
59.126077098
59.661383220
60.179591837
60.692834467
61.222131519
61.754058957
62.256666667
62.757369615
63.294693878
63.836734694
64.303265306
64.840861678
65.384489796
65.888752834
66.418095238
66.936258503
67.447392290
67.985600907