0.014512472
0.47553288
0.92154195
1.331519274
1.768707483
2.193197279
2.652154195
3.102040816
3.512018141
3.994557823
4.43537415
4.856235828
5.278911565
5.706530612
6.1569161
6.614058957
7.054875283
7.501133787
7.936507937
8.360997732
8.798185941
9.242630385
9.723356009
10.159138322
10.591768707
11.027664399
11.446712018
11.905668934
12.346485261
12.776417234
13.208163265
13.63446712
14.081451247
14.524081633
14.977732426
15.415102041
15.903356009
16.330997732
16.764807256
17.214897959
17.654988662
18.099954649
18.551292517
19.006984127
19.387210884
19.847256236
20.278276644
20.713650794
21.198367347
21.630839002
22.040090703
22.491428571
22.945668934
23.395555556
23.8361678
24.296780045
24.719092971
25.192199546
25.62031746
26.04244898
26.473650794
26.933696145
27.38537415
27.836122449
