0.034829932
0.566530612
1.14122449
1.746938776
2.284081633
2.857142857
3.431836735
4.029387755
4.584489796
5.193469388
5.73877551
6.313469388
6.907936508
7.469387755
8.034285714
8.599183673
9.182040816
9.745306122
10.337959184
10.911020408
11.495510204
12.096326531
12.672653061
13.247346939
13.817142857
14.414693878
14.969795918
15.557165533
16.124081633
16.728163265
17.304489796
17.866235828
18.409070295
19.002630385
19.584580499
20.160725624
20.755736961
21.336235828
21.873197279
22.452244898
23.02984127
23.595827664
24.176326531
24.723446712
25.319909297
25.877188209
26.443174603
26.998911565
27.585306122
28.157097506
28.746303855
29.2861678
29.879727891
30.466031746
31.039274376
31.582040816
32.166893424
32.72707483
33.24952381
33.827120181
34.416326531
34.963446712
35.529433107
36.09106576
36.658503401
