0.250340136
0.835918367
1.386666667
1.972244898
2.545147392
3.104217687
3.696326531
4.24707483
4.810884354
5.356190476
5.931972789
6.504875283
7.058526077
7.612517007
8.171451247
8.724897959
9.30829932
9.863401361
10.408956916
10.963129252
11.522834467
12.09015873
12.642879819
13.207845805
13.7361678
14.315102041
14.878911565
15.423129252
15.973877551
16.478911565
17.079727891
17.608707483
18.159455782
18.701496599
19.245714286
19.790113379
20.321088435
20.875351474
21.407346939
21.942086168
22.528435374
23.063469388
23.59292517
24.158888889
24.707482993
25.262585034
25.833197279
26.381496599
26.927369615
27.48952381
28.043424036
28.564285714
29.067755102
29.630612245
30.163582766
30.698231293
31.266394558
31.810748299
32.330884354
32.851156463
33.388843537
33.915646259
34.448979592
35.058503401
35.613333333
