3.964081633
4.710748299
5.325328798
5.873197279
6.408707483
6.944217687
7.420952381
7.930340136
8.433197279
8.927346939
9.362721088
9.877029478
10.352176871
10.82585034
11.323673469
11.788730159
12.223129252
12.691156463
13.157006803
13.651156463
14.086530612
14.563265306
15.033469388
15.484081633
15.965170068
16.448435374
16.892517007
17.351836735
17.811156463
18.294421769
18.714557823
19.180408163
19.633197279
20.112108844
20.575782313
21.050340136
21.525827664
21.984217687
22.438707483
22.933129252
23.366893424
23.847619048
24.309047619
24.790929705
25.260770975
25.732426304
26.214965986
26.681723356
27.138321995
27.613605442
28.092517007
28.541632653
29.024943311
29.503854875
29.951927438
30.456235828
30.90430839
31.392290249
31.842176871
32.328344671
32.814512472
33.277097506
33.747346939
34.20952381
34.655782313
35.152834467
35.639002268
36.10260771
36.571655329
37.039070295
37.465759637
37.956848073
38.392743764
38.864399093
39.354195011
39.805238095
40.254240363
40.743764172
41.190566893
41.662108844
42.091609977
42.579410431
43.065759637
43.512018141
43.987301587
44.468027211
44.90521542
45.377891156
45.83952381
46.311043084
46.831746032
47.274512472
47.720634921
48.237641723
48.692698413
49.150113379
49.625419501
50.100952381
50.604988662
51.103854875
51.542947846
52.045351474
52.497052154
52.956848073
53.413151927
53.906394558
54.378820862
54.828117914
55.317913832
55.758798186
56.223061224
56.682086168
57.122902494
57.643537415
58.10430839
58.581405896
59.040362812
59.544671202
59.983106576
60.451519274
60.9169161
61.378684807
61.839455782
62.325941043
62.806349206
63.223582766
63.658956916
64.130612245
64.567800454
