0.17414966
1.391020408
2.220408163
3.044988662
3.800816327
4.617142857
5.39755102
6.125714286
6.928979592
7.702857143
8.434285714
9.214693878
9.991836735
10.729795918
11.458231293
12.205714286
12.992653061
13.724081633
14.455510204
15.227641723
15.97553288
16.730589569
17.463854875
18.176870748
18.964172336
19.694829932
20.38276644
21.12
21.860657596
22.617687075
23.375238095
24.104104308
24.84244898
25.613718821
26.316190476
27.019319728
27.726598639
28.429206349
29.132335601
29.854421769
30.595192744
31.239546485
31.956462585
32.632743764
33.306122449
34.005623583
34.7138322
35.439455782
36.156371882
36.85877551
37.585963719
38.254875283
38.934058957
39.604535147
40.286621315
40.983219955
41.679818594
42.359795918
43.052698413
43.691247166
44.373333333
45.096054422
45.871020408
46.721451247
48.059501134
