0.03047619
0.664489796
1.231020408
1.831836735
2.398390023
2.973061224
3.549387755
4.161632653
4.782040816
5.353650794
5.932698413
6.505941043
7.089342404
7.675646259
8.261950113
8.851156463
9.460680272
10.091972789
10.66521542
11.247460317
11.839478458
12.398004535
12.982857143
13.568253968
14.19047619
14.811428571
15.385396825
15.963287982
16.558730159
17.141587302
17.747301587
18.342312925
18.923537415
19.476462585
20.060952381
20.643265306
21.222312925
21.800272109
22.35537415
22.917006803
23.516734694
24.078367347
24.651972789
25.223401361
25.806802721
26.352108844
26.939863946
27.521269841
28.103560091
28.676371882
29.246984127
29.807165533
30.393469388
30.985578231
31.520657596
32.086349206
32.666666667
33.239365079
33.84
34.405827664
35.013333333
35.580430839
36.153650794
36.706031746
37.321904762
