0.120816327
0.610612245
1.048163265
1.55755102
1.991836735
2.520816327
3.029160998
3.529977324
4.009795918
4.512653061
4.979591837
5.462857143
6.014693878
6.494693878
6.958367347
7.484081633
7.951678005
8.431678005
8.914285714
9.406258503
9.906938776
10.368435374
10.854603175
11.337142857
11.845079365
12.327619048
12.845714286
13.30399093
13.808979592
14.298412698
14.831020408
15.336780045
15.801179138
16.31877551
16.798526077
17.292562358
17.76122449
18.251156463
18.745941043
19.239478458
19.73446712
20.244557823
20.753877551
21.247528345
21.729546485
22.239183673
22.735283447
23.232970522
23.71170068
24.203129252
24.698548753
25.178662132
25.6669161
26.176507937
26.646598639
27.118730159
27.631746032
28.111746032
28.606984127
29.117460317
29.602539683
30.103945578
30.552380952
31.09585034
31.584943311
32.094013605
32.603628118
33.116553288
33.62276644
34.08015873
34.576394558
35.050136054
35.54
36.039637188
36.546553288
37.044671202
37.54399093
38.031201814
38.516349206
39.008798186
39.484013605
39.978798186
40.507482993
40.961405896
41.44707483
41.939591837
42.429387755
42.884126984
43.378390023
43.908571429
44.40276644
44.934081633
45.402108844
45.881451247
46.366938776
46.862698413
47.373061224
47.861156463
48.368979592
48.85877551
49.36845805
49.874285714
50.351473923
50.843968254
51.316258503
51.82877551
52.352653061
52.813061224
53.276734694
53.801292517
54.253061224
54.759183673
55.268571429
55.787755102
56.278163265
56.764081633
57.250612245
57.724081633
58.259591837
58.75276644
59.229047619
59.723469388
60.245056689
60.725986395
61.198367347
61.683809524
62.163877551
62.669115646
63.160566893
