0.162539683
0.902857143
1.795918367
2.685714286
3.531428571
4.42122449
5.317732426
6.192653061
7.026938776
7.854013605
8.680816327
9.586938776
10.391111111
11.240816327
12.131836735
13.005714286
13.86122449
14.700408163
15.559183673
16.445714286
17.262040816
18.091428571
19.006575964
19.835646259
20.656326531
21.518526077
22.373877551
23.298253968
24.124081633
24.994285714
25.86893424
26.767346939
27.57877551
28.431020408
29.278367347
30.137142857
30.985941043
31.853061224
32.716553288
33.564603175
34.450612245
35.286530612
36.133877551
36.933877551
37.788594104
38.617755102
39.567346939
40.431020408
41.275283447
42.143854875
42.989569161
43.819410431
44.680181406
45.56553288
46.412698413
47.270748299
48.117913832
48.97414966
49.844897959
50.675736961
51.53015873
52.388208617
53.293424036
54.100680272
54.978684807
55.838548753
56.695873016
