0.148752834
0.627664399
1.084807256
1.483900227
1.915646259
2.340136054
2.750113379
3.178231293
3.613605442
4.033015873
4.44952381
4.847891156
5.26585034
5.664217687
6.116485261
6.519365079
6.930793651
7.362539683
7.771428571
8.182857143
8.617777778
9.043809524
9.45015873
9.884444444
10.300952381
10.717460317
11.118730159
11.542857143
11.944126984
12.355555556
12.76952381
13.191111111
13.605079365
14.011428571
14.42031746
14.829206349
15.255873016
15.664761905
16.060952381
16.474920635
16.886349206
17.297777778
17.733446712
18.113015873
18.542222222
18.943492063
19.34984127
19.763809524
20.165079365
20.599365079
21.008253968
21.422222222
21.848888889
22.245079365
22.676825397
23.06031746
23.474285714
23.883174603
24.294603175
24.708571429
25.127619048
25.544126984
25.958095238
26.374603175
26.803809524
