0.132063492
0.938911565
1.56952381
2.299387755
3.052698413
3.890793651
4.599365079
5.285079365
6.003809524
6.725079365
7.418412698
8.121904762
8.822857143
9.508571429
10.168888889
10.882539683
11.573333333
12.232743764
12.926984127
13.56952381
14.232380952
14.902040816
15.527868481
16.183061224
16.83600907
17.511088435
18.146666667
18.797732426
19.447936508
20.107709751
20.773151927
21.461043084
22.125714286
22.746848073
23.431836735
24.070385488
24.720544218
25.367800454
26.001904762
26.639160998
27.284285714
27.932879819
28.593356009
29.213605442
29.878276644
30.473287982
31.10893424
31.770702948
32.415056689
33.022267574
33.695918367
34.348117914
34.998276644
35.622312925
36.255056689
36.908117914
37.531088435
38.13877551
38.791836735
39.410249433
39.996371882
40.687256236
41.34814059
41.942857143
42.576507937
